1 2 3 4 5 6 7 8
1 1 180 0 2 0 180 360
1 1 180 0 2 0 180 150
5 5 180 0 -12 9 90 360
5 5 180 0 -12 9 90 180
10 10 180 0 -24 18 90 180
10 10 180 0 -24 18 90 360
5 5 180 0 -12 9 10 40
5 5 1 0 -12 9 1 0
10 10 360 0 -24 18 20 80
10 10 360 0 -24 18 180 72
5 5 180 0 -12 9 10 40
8 -3 0 0 16 -6 0 180
0 2 0 180 4 0 360 0
0 2 0 0 0 4 0 180
4 2 0 0 4 4 0 0
4 2 0 0 -4 -4 0 0
4 2 0 45 -4 4 180 0
-5 5 100 0 10 -25 90 20
7 -26 -40 32 3 8 150 50
7 -26 -40 32 3 8 150 230
-9 5 5 180 2 5 5 180
2 5 4 7 2 5 4 7
-2 5 4 7 -2 5 4 7
-2 5 5 2 -2 5 10 4
2 -5 -5 2 2 -5 -10 4
2 5 4 7 2 5 4 8
2 5 -4 -7000 2 5 -9 -8000
6 -20 50 0 -1 15 5 225
10 2 1600 0 -6 8 40 225
28 -9 175 45 7 3 3325 1485
28 -9 3500 1150 7 3 -735 -1830
-1 5 1 0 -1 5 0 7
-1 5 7 0 -1 5 0 1
4176 -1343 -3287 2498 -9723 -5758 -2000 -8767
-7344 7155 9704 -959 -7344 7155 -3950 8078
-9447 7550 7261 -29 -9447 7550 -285 -9905
8294 3292 -8544 5259 8294 3292 -3992 -1586
-57 5469 6401 6235 -57 5469 7634 -8261
4844 5301 8109 1709 1960 3910 -5556 6699
-3349 8937 -5751 8727 1125 3079 4170 -1584
6200 91 607 -1775 6200 91 -432 -8732
4740 -8695 9483 -1144 4740 -8695 -3119 -71
2045 9005 3397 2303 -7055 -7323 -3821 3544
-3437 2379 -2077 -3971 -3006 -7019 3148 -4703
-5364 7596 -5563 -653 -5364 7596 6476 -2865
3949 -7598 -2750 4746 3949 -7598 -8127 9454
-1818 1027 5019 8265 3676 6760 -7452 -5877
7679 2793 -7832 370 7679 2793 487 1527
3111 5784 -3448 -2468 7889 -3060 -5073 7987
-3869 1098 4018 -1426 -3869 1098 -7976 9157
-183 -4392 1621 1730 -183 -4392 -9081 6937
-6074 -7549 -9445 -5914 -6074 -7549 -8622 -4708
4052 2328 -3155 7214 -4012 7915 -452 -9937
-9234 -6220 -9881 -3215 -9234 -6220 -3642 -2757
-1019 7733 3855 2130 1184 -6039 8351 -6299
9925 -47 8883 -5176 9925 -47 7573 1342
6725 6676 1446 198 -8568 9205 7849 1923
5709 3730 -8095 -694 5709 3730 -5515 -1826
-3305 2449 5103 97 -9029 1563 -2968 -8490
7604 6551 -11 -8411 -8959 9032 -2614 -8485
-7511 3220 3966 -6968 -4816 -8741 1682 1507
-6529 -1332 4145 -9497 7393 426 -6070 5473
5604 2078 -8326 2364 5604 2078 -9364 -6830
-9483 5110 -9297 3728 -3448 4479 -5288 -4040
1759 -6250 -2525 -8963 -7744 3874 3813 -4977
4641 -8134 -9290 -7014 4641 -8134 121 7253
9776 9666 7409 -9140 -6985 5000 -9402 -6617
7051 879 -1927 -1622 -6508 -59 9313 9024
-5982 4471 1649 9773 -5982 4471 -2679 3188
6236 734 5063 3923 -6713 -1577 -1430 -3490
6920 5126 -8764 -4534 -9765 2736 -5992 4523
-1457 2762 128 -8212 -1457 2762 1648 2980
-853 -860 -6402 2406 -4210 -8800 -8182 6370
-9296 -6314 5974 -5739 -9841 -5147 7105 1481
-9809 -8389 2122 -5389 -2035 120 -4647 5095
1618 -7226 -4807 4241 3724 4652 6981 2319
-7286 841 9715 9948 -7286 841 -5658 2091
1048 946 -8367 912 -4759 -4788 -8123 -4287
6300 -5216 9471 -5590 6300 -5216 1913 -8996
5290 -5934 -9192 -2958 7719 230 -1415 -9397
2612 1452 -2607 4563 1089 4448 9655 5247
-2353 -5632 -7230 -2269 9512 5885 2594 -7676
-4584 1614 5680 7715 7629 9726 9065 -3728
-4076 -7641 -7484 3940 -6522 -2595 -4392 6343
-1620 -1292 -9137 -3590 -9148 3756 -5124 2219
-8160 6655 298 -2583 -8160 6655 2925 -5416
6486 3588 -1172 4825 4469 3455 1363 302
-9736 -6786 -9315 4746 -9736 -6786 -1913 1749
-9885 -5242 -6531 -7811 -9885 -5242 8727 -2644
2301 -1390 39 -1977 2301 -1390 -6286 4817
-3350 -1815 -5981 -9362 725 6076 2265 9097
-6681 4146 -1107 9132 -6681 4146 -9592 6444
-1277 -2195 6199 -6000 -5171 3499 -3385 8082
-5507 -9032 6888 9186 -5507 -9032 -5278 -6871
-6581 2145 1488 7617 -5482 496 8133 3390
-8770 428 -7862 -6681 8144 2203 5857 7858
7387 5430 -271 -7530 2084 -489 -8996 -3934
-8136 -7737 -7676 8903 3323 4854 1460 4233
-9611 7292 2106 -2382 988 951 7076 3217
6933 -4378 5443 6802 6933 -4378 -8426 278
-557 2163 6940 9658 6227 -114 7342 194
-787 6549 6862 -9126 -6755 1695 4891 -4033
5038 1796 -6665 2108 1076 955 7382 1327
3224 3453 9892 5418 -3834 7886 -2189 -7419
-355 -7440 6637 4030 7161 -6906 -672 8327
2292 9832 -3303 -6908 2292 9832 -2132 -1505
821 8283 -3715 5361 821 8283 -1661 -2535
2190 -3144 6513 -7042 723 -4322 -8159 -8858
-8011 -4396 7226 -2315 786 8861 -896 -9936
-8110 -9250 9390 -6981 -8110 -9250 1637 -1278
-6766 -4611 -608 2350 -366 -4790 473 3720
6129 9939 966 -6870 6129 9939 -5782 5645
7704 1514 -5104 1660 -7924 -5572 8770 -4755
-1784 7570 -5440 -3103 7927 -9429 2743 523
-9159 4753 -5669 4663 -9159 4753 2804 -1109
-629 -7372 3104 -3502 6188 -3153 7567 -5793
-819 7642 -5846 2362 -4086 -6183 3581 8532
-4479 -4595 -5862 7600 -4479 -4595 8191 -4465
-9751 5762 3857 -1669 1153 6564 8697 -4198
8967 37 -62 2400 8967 37 -2347 8220
-7788 -1304 3912 2288 -7788 -1304 -6073 349
8803 -2453 -1690 2196 8803 -2453 5636 7181
2451 -2110 -8983 -8638 3999 -6424 3354 -7519
141 -1387 -8683 2790 141 -1387 2490 -7477
1434 -741 -6859 -273 4008 4848 -5695 8445
8414 264 -7667 -1380 8414 264 -7200 -4753
7391 -9656 -9890 -9301 7814 5528 -9546 4306
-9621 -9059 9759 7428 -9621 -9059 3459 -4494
3780 -7869 597 -8665 3780 -7869 -4476 -7484
344 5473 -5332 4464 344 5473 6465 -4745
1572 -5920 6572 2719 7359 -7421 -3547 2418
-4438 3473 5466 6803 -4438 3473 395 2487
-8035 -9744 -7903 -5281 1306 16 8590 -2669
4172 587 -272 -1473 -4229 -4301 -1080 9010
-5380 571 -1656 144 -2439 5320 -59 -6792
4295 5260 -1989 -8610 -2939 -1606 -34 -9499
-118 -3892 -2731 -3731 -118 -3892 440 9986
9067 -3695 1449 6875 8012 1354 2964 5155
6187 9361 -8242 -4541 6662 1955 -4134 1267
90 9914 -2164 -6875 90 9914 -2534 -1274
-6685 2741 1399 1401 -6685 2741 4651 3767
5281 1172 5044 -3674 -4328 -3545 633 4878
5638 -5937 -8789 4011 3354 6107 -1813 -9410
2442 313 -2675 9271 8723 -6226 -3447 -897
-851 3398 286 -6481 -851 3398 4056 5249
-1277 6243 2031 -6937 5390 7494 -277 -4551
9825 8086 -4234 9795 9825 8086 -8317 -3698
-2461 5028 -9393 5277 -3288 -3908 -3115 -1780
-7296 -8545 -755 -3549 -7386 7225 -2289 -3130
5955 -607 3683 -9091 5955 -607 6814 -7516
5362 -311 -4784 8204 5362 -311 601 2652
-4355 -5236 7832 9819 -4355 -5236 1911 -9090
-2945 -6096 3342 -6172 -2945 -6096 -9024 7850
-4771 6139 -3175 -3794 -4771 6139 -883 -7051
7374 8231 -1865 -3493 3234 -4538 2473 931
-6221 -2434 -6431 9662 -3841 7537 8144 -9134
5764 -4588 -1018 -8253 -1356 9620 -1651 7635
3472 9457 -6016 3792 3472 9457 1195 -1888
-2036 2055 -8125 -3572 -2036 2055 -9985 -9898
-3034 5070 2336 218 -9745 6112 -6837 -5360
-8785 7968 -4392 -6822 -8785 7968 -8448 874
6006 5949 -5442 -7819 6006 5949 5621 4179
-7225 4208 3657 -5457 -7401 2936 3486 -2867
3784 9237 -3211 -4648 3784 9237 -3088 -4670
9179 -7210 -4095 -7860 -8650 -6877 -8677 515
3880 -9798 9978 -2359 3880 -9798 8738 -9883
898 -5531 346 -6060 3404 -1834 1767 7320
3498 9215 -6623 -4631 3689 9747 4192 6461
5734 8614 -7644 5897 -7683 8490 5496 7394
1649 -4057 -807 -6560 1649 -4057 -2419 8546
-9675 -1107 -4746 9957 -9675 -1107 2843 -131
3196 -5267 7351 6329 3196 -5267 2076 3069
7557 8931 -9487 -3965 9842 9434 173 9833
-5701 3489 2810 -4470 -5701 3489 6875 -7030
-5239 -5932 5231 -5175 -5421 -4702 5257 -5752
6419 8971 -6322 3701 6419 8971 7052 3108
7637 -6300 9258 4926 7637 -6300 -7779 -1100
8677 -2572 -1619 7333 -769 -23 1885 -9337
8372 5099 7025 2970 1673 3787 1923 -3296
-7719 8878 -8035 -7738 -8286 -6983 -4286 1037
2814 -5687 8723 6508 -6382 8250 -2954 -8093
-9692 -5320 -370 -5890 -5182 8030 -8652 -8696
1276 -9606 5624 8872 1276 -9606 7088 -6255
3030 -8320 3609 3928 3030 -8320 -3654 8167
-3600 5982 -8094 8668 -3600 5982 5579 7783
-8049 6412 3630 -3741 2494 9775 -8886 -966
-6081 4425 -2892 -3520 -8519 -8798 4656 -9254
-6864 1124 1275 -6181 6144 -6249 -6530 3829
-418 3487 -8772 3774 269 -6857 4999 1004
-9885 2403 -9929 -4719 -2562 6871 6498 6978
-7189 6684 9064 -1807 -7189 6684 1369 -3952
1499 9332 1605 -9715 -822 2900 -6495 -4999
3662 3932 -9735 9880 3662 3932 -6910 -5526
-263 -2985 -5785 1045 5635 7817 -7153 1341
-1844 -3540 -4451 230 -907 3134 9164 -4950
-3674 -7599 7046 1168 -631 2939 7251 2335
1428 -3368 -8755 -3856 1428 -3368 8623 -2579
-2702 7941 -7508 -5388 -2702 7941 -8203 1536
5048 5629 3818 -7377 5048 5629 3457 -649
3199 -1306 -8287 -2596 3199 -1306 -9055 -5130
3213 6209 -7340 3018 3820 -3761 -576 -2721
-9269 -9903 -6246 8679 -9269 -9903 1718 5581
-2667 8030 -1321 -1545 -8506 7325 -7370 -7334
-4374 9755 -8011 1414 -4374 9755 1329 3972
1484 5321 4135 -6454 7263 6746 190 4872
5453 6860 5595 7172 5453 6860 -8609 -1820
-8893 -4733 -1180 3433 -8893 -4733 -6221 -5234
-8059 -9287 6782 -6603 -943 9422 8343 9753
8066 7185 -3072 -443 8066 7185 6634 -718
3512 3163 -4129 -9848 -9237 -4840 4247 -6357
2892 -4365 -5635 5958 2892 -4365 -8787 3750
-3648 2042 -1409 3362 -3469 9490 762 -4613
-4448 -8095 -7264 -5433 6257 -7699 228 -3787
3407 6472 7316 -6629 1873 -8136 -4508 7400
1064 -7736 2038 3904 1064 -7736 -3158 9480
9744 9370 3797 9662 -2285 4469 2380 -9543
-3852 -8276 4613 -7579 -2999 7933 -7808 1396
-6694 -1090 1050 1106 -6694 -1090 4593 -7904
-7633 7919 -9135 -961 -7633 7919 1274 -7571
-8211 7328 9891 5757 -908 -211 -5616 -6247
6729 3933 -7053 -6377 7509 -8174 -5568 5659
-3685 4877 -6237 4696 -3685 4877 4898 1485
1321 5881 -4223 -504 1321 5881 5631 2400
4159 4025 -2166 5321 -8325 2348 766 -9747
6317 5646 5951 9121 5648 -2901 -8720 -2593
-4413 -7961 -7134 7169 5989 244 6544 -1466
-2850 3997 6994 -4488 -2850 3997 -4304 -2747
8044 -670 -4913 1141 3874 1844 21 -2529
7217 -6711 8437 -3285 -6297 1648 -1105 -7632
-8953 -9555 -8616 -3357 -8953 -9555 8731 -3988
6868 -7050 7478 -8613 6868 -7050 -6030 -8984
-76 -1261 -5182 -923 -76 -1261 -4929 7500
-8439 9129 -6537 -8325 -9510 3538 6455 3063
-9510 -3816 -3394 -8558 1437 1382 -2317 6496
9992 8631 3924 6193 9992 8631 1790 5519
8031 8053 9437 -7243 4764 -3333 -3357 842
-235 6816 -2931 -4888 -235 6816 9442 -5335
3074 -8312 9953 2168 3074 -8312 1112 8900
3392 -468 5620 -1704 3392 -468 -1411 -7731
5212 7129 -7461 9650 3911 1837 -6737 2600
2725 6027 577 -3855 -6466 2557 4781 -4410
-2405 8626 -2074 8046 -3914 5762 6385 -6827
-4371 4301 3187 -7742 2630 -843 6097 6931
-2639 -1247 -1681 2538 -2639 -1247 -7619 -1731
-7280 -5803 -4172 2315 -7280 -5803 -4740 5928
-1307 -7239 2265 7189 -1307 -7239 3849 4146
5617 -2697 -9468 9264 614 4065 -5502 8511
4056 -3552 3941 3026 2227 -8998 -3750 -6846
1529 8935 -5348 3916 3844 4791 -4624 1285
1479 6474 -4840 8431 -779 -491 6772 6343
-6100 924 8856 -7220 -6100 924 3334 8052
1187 -7839 -5915 -8042 -6877 -6665 380 -6555
4360 -6604 5989 6487 3895 -1753 3509 -3629
749 1061 -5564 -748 749 1061 -8412 6767
-652 -3821 1378 -1954 -652 -3821 -2563 8727
-3289 9272 7569 -8336 -3289 9272 -7969 -3470
-8308 -346 -6676 4642 -8308 -346 206 -8501
-5058 3823 -2969 -7289 -302 1402 -178 -4272
7136 9954 -1793 7426 3684 6794 -7741 4948
-1689 -5058 1226 3286 -69 -5562 -2060 1034
-888 -1982 -2135 5707 -888 -1982 -3018 5269
-2539 -3851 -6484 6519 -2539 -3851 8974 -408
-1492 -481 -6194 -4169 -1492 -481 -8552 7458
-922 784 -3155 -3556 -8286 -2345 -3843 2817
6932 -920 -2708 -7836 6932 -920 -1872 -2998
2774 3945 -9233 -9597 -2690 -7915 4470 -5911
-6408 4734 -9030 4832 -6408 4734 2163 6828
2283 -6346 -2589 6759 1076 -8837 4355 -6145
2761 -8100 -2841 -8824 2761 -8100 -8292 8935
-5130 -8667 3470 -8417 4364 -4716 5760 -108
2962 8322 7819 392 2962 8322 9336 9506
3522 8518 -6220 1688 -4717 -3784 8876 -2845
4200 3036 -5780 14 1886 4125 -3225 -3401
6510 -6751 -8814 -229 8235 -4799 9103 -1601
-8584 -8478 6846 16 -8584 -8478 -2020 5172
8754 2234 -4241 7939 8754 2234 9079 -4056
649 2496 8767 -3452 7787 4566 -5361 1413
-3291 6194 -8247 5216 -9018 291 3250 -6388
-5061 2933 -8745 9891 -5061 2933 9877 6479
7877 -7292 4686 4573 7877 -7292 5415 2860
-1337 1069 8650 -7161 -1337 1069 8142 5977
2595 -4320 2544 -1549 -4379 -9405 6771 3903
8628 -8433 5200 -3718 -2342 9902 5461 8728
5329 -3467 3727 -2688 5329 -3467 -1986 2996
5910 -2295 -5409 -7275 5910 -2295 8261 1902
-3168 4878 -7312 -6926 -3168 4878 4342 1211
6943 5125 -1915 -6162 6943 5125 -7043 5338
9602 -4747 449 -3291 9602 -4747 2497 -1069
1393 4151 -1311 4751 3045 -8395 -4870 32
-4681 -6582 9916 -5932 -4681 -6582 -4583 -8258
-8304 8083 3717 6677 -8304 8083 2276 7190
5916 -2375 -1424 -9865 5916 -2375 2150 -2332
-8095 2763 -198 -2870 -8095 2763 4553 8390
849 273 -5312 -8752 2190 -2100 -7700 -3261
1591 5736 -3941 -5549 1591 5736 2226 -8981
-4855 -1365 -5256 4360 -4855 -1365 -6922 1744
3278 5813 -5835 -5378 3278 5813 1242 -8338
-5881 -9987 -1738 7456 -5881 -9987 1808 4310
1921 -5485 -6942 4184 1921 -5485 9604 -5558
-3651 6303 -9196 4663 -8777 5849 9798 -7888
7233 -3395 3940 -5300 7233 -3395 3992 8521
4363 -763 -5633 3209 4363 -763 1083 8816
-8398 -8322 -6887 1402 -8398 -8322 -8013 7492
7586 4031 -9687 2932 -6515 -1329 5085 -6322
-6284 -2742 4109 -4395 2639 -1991 -5035 5757
-8984 7785 3373 -750 -8984 7785 -7687 -873
6456 2489 3478 -2023 -2378 -4838 -925 -110
-5026 -702 -4201 3374 -5026 -702 -1016 4618
9838 -5010 -3059 -4854 -8552 2586 9619 -5428
-4949 -9157 -5574 -3334 9209 8575 -354 7731
-3278 3655 -7784 2897 -3278 3655 -2142 -7572
-4642 2602 2752 4192 -9486 -2949 8419 -5172
2353 8408 -5345 -5984 2353 8408 -5239 -6099
1282 5958 2326 9795 -606 -6619 -4649 1782
8076 -7230 5505 -4218 8076 -7230 -1477 -749
5535 20 7694 6551 4531 -8695 9528 4838
771 7519 7488 733 771 7519 -3148 8233
2963 8065 961 4137 6541 3083 -5130 -9152
-9068 -8445 -1662 9038 -9068 -8445 -9938 7580
-3883 -6796 -6029 -5292 -5863 511 -2009 -9825
3713 -3091 228 -9114 3713 -3091 9063 -616
8926 6280 9569 -7214 -6587 -9575 2715 -1116
1085 -3116 6916 -2234 1085 -3116 -7258 -3194
-2284 7350 -7184 7578 -2284 7350 -4481 -9138
-5417 9876 -5174 5544 -5417 9876 -9291 -4216
9758 -8057 -5636 -572 9758 -8057 -7240 -9673
-3426 2809 -6160 444 -4295 -7757 -6188 1617
-6681 -7185 -9676 -4355 -6681 -7185 938 1353
-5189 451 -1972 6182 -5189 451 5469 9755
-8059 7609 -4070 -8681 -8059 7609 5850 9170
8038 -3930 3414 -8224 8038 -3930 2516 -7322
-4545 -6277 -5870 4927 2746 -346 -9271 7347
-5437 -4846 2041 -2670 -5437 -4846 1463 2741
-5518 -9680 -5012 3609 -5518 -9680 -2099 212
-7828 9116 3016 -6286 -9600 4745 -497 -8208
-8071 -8099 -3310 -5082 9732 912 -9684 1090
-5857 -6678 -5466 8615 -5857 -6678 689 -8328
886 -1367 -8805 8106 886 -1367 -1524 2513
-4002 -5692 1416 4735 -6016 -9805 7889 7024
-2926 2285 677 9197 -2926 2285 8677 4104
3529 9164 2159 2033 3529 9164 -9422 152
328 5961 1918 -3447 -1699 -4985 2447 -8335
-4256 3757 5765 -5082 -4256 3757 6223 1645
-5329 3755 2158 7722 -5329 3755 -2385 -603
-9855 -8924 -9400 -6515 -9855 -8924 -255 6989
2438 -2504 -1092 2336 3038 7380 -8098 -4915
-2768 99 -1161 77 -2768 99 4447 5852
-5891 -6996 8337 6228 -5891 -6996 6621 -3181
-2648 1846 -5932 -7510 1346 -3876 1067 -8094
614 -7302 2163 -6235 -2616 -7472 8295 3686
1485 4014 -6099 7954 3517 -747 -7540 234
-6318 -6947 7542 -5042 -6318 -6947 -4924 9500
-5399 8897 8969 6635 -3083 -8863 -7499 8073
-9258 -2658 51 -1618 -9258 -2658 4881 -7404
-6024 2427 1712 -4639 -5557 3893 -8972 -9660
-6501 5656 6054 8566 -6501 5656 -1386 1840
8717 3343 -9821 1538 8580 -1505 4955 -3689
-3604 -6894 2998 -2638 -3452 6459 -4896 -7460
3803 -6975 276 -1645 3803 -6975 -5916 9395
2695 7720 -8479 -4844 1115 5587 1653 9377
3360 3895 2549 6371 3360 3895 6079 -5608
9085 7920 8165 -3144 -202 -1327 -5420 -2322
-4145 8729 -5128 6256 -4145 8729 -7195 -1712
455 -9346 -3748 -7939 455 -9346 -5956 -4886
397 -6678 3259 -3734 8225 -7183 -8539 6098
-5378 7847 -4575 8146 -6154 -7779 -56 -4879
274 5629 3517 -8765 274 5629 -3465 347
5456 -5620 7808 9112 9018 3122 8077 7342
8032 -3712 9775 9277 -8859 -7777 7671 329
-9171 -6620 1610 9452 -7866 192 6332 1240
6947 1831 -1106 3464 4117 -6104 5742 -9178
61 -4117 -5608 1289 61 -4117 -8086 7188
269 -9159 3607 -4014 269 -9159 20 9802
-5423 7045 8114 -4281 -5423 7045 -2784 6580
1615 -5353 30 1326 130 1566 -9521 1043
-5682 -4204 5185 8691 -5682 -4204 5363 -9474
103 7210 7331 220 -1927 -71 -2565 -38
6076 3888 3629 -3338 -3622 -9565 2751 -8660
6411 -8414 -3389 5302 6411 -8414 2421 -4242
-22 -4824 -9063 3589 -22 -4824 1435 -5170
6860 -7233 -2387 -9043 9200 7384 -6464 -8360
-9406 5368 -7856 5968 -9406 5368 -5443 7896
-4260 1394 -5632 -3063 7683 8009 -3115 4103
-6835 7108 -653 -2255 -6835 7108 -2118 -5902
4347 -6242 8053 6029 -3307 -1924 -767 4733
4415 -5507 8479 2681 4415 -5507 1026 -5898
3343 -4364 573 -8537 3343 -4364 1071 -4895
1217 -9183 -3922 -1051 5286 3193 1126 -3705
-3102 -4796 -4350 -2746 -3102 -4796 7002 -1424
755 8075 4118 2636 755 8075 -7689 -2928
2506 -5551 2321 -8974 2506 -5551 1129 9432
5970 -3153 7058 6548 5970 -3153 3470 8279
-4710 2735 -6881 1764 -7895 9044 -3340 -8713
4141 7913 -403 5700 -5232 -3101 2148 -9271
-3844 7309 -5411 6556 910 2000 -7098 -7431
7717 -530 -2681 -9817 7717 -530 1148 9519
-3225 -3327 -4957 5116 -4654 7841 -2275 -3642
-5800 -4251 -6409 1626 -5800 -4251 8998 9857
-4355 -7683 -7396 8790 -4355 -7683 -5684 -3049
2957 2793 -9123 -7600 2957 2793 2143 3257
1052 -1015 -1244 -4924 8085 -1142 4503 -6905
-7312 8326 9613 4832 7895 8208 -8335 -470
-3523 2214 7665 7363 -3523 2214 2446 6082
3451 -3289 -3684 -4056 -1712 4047 -3908 7802
-4026 6065 -6055 -1079 -6595 4562 -4521 -8973
-1581 -268 -4960 -488 2861 -5217 6600 -7974
1190 8037 9094 6099 -9228 -8313 -2291 -3935
4049 1025 4121 7856 4049 1025 -1574 1869
1615 -1823 3528 6667 -6665 1273 -9381 7320
2915 1342 8912 9133 2915 1342 2282 -8966
7501 -5026 -3087 90 7501 -5026 594 7487
8655 -6204 -7939 -909 -7590 -2618 -2096 8301
-5728 -7398 -8357 2591 -5728 -7398 -3878 569
-6579 8238 69 6003 -1348 -3783 -2975 5105
-5221 2121 7717 5820 4910 4668 -6666 -4912
5693 4928 -1127 1904 8371 -8861 8453 -972
8548 -5483 2861 5426 8548 -5483 -8336 -2510
6605 -654 -2768 4272 8493 -6081 -7066 -1419
2361 -3629 -684 4047 2361 -3629 2321 -3323
-9338 2994 -1551 -1106 -52 -392 -55 8255
5032 -4872 -6524 5634 2096 -7176 -5950 8635
-5687 4331 4097 1359 3061 -1297 -531 6620
5711 8187 -756 6151 8618 7506 7256 5916
6917 9723 -2482 -6938 6917 9723 6388 9358
278 163 1981 -4873 278 163 -9281 -2772
-1901 -9971 -716 -7253 -1901 -9971 3478 -8179
-5972 -6525 1217 -4114 -5972 -6525 5159 8207
4801 -1356 -6288 8050 9081 -806 -8965 8094
-3268 -4464 2320 257 -3268 -4464 3662 -3414
4535 -49 -757 -4622 0 -6391 -6541 -4338
-4443 -836 -6580 -3777 7304 -8982 -2743 3380
-5708 -7110 583 2497 -9012 7009 1946 2360
-7180 -9389 -6800 -8633 5273 -1780 3813 5796
-6603 -2320 9919 6242 -6603 -2320 -1543 9781
9427 -9417 -4554 -7952 8297 895 5269 -2784
805 6205 9943 -2442 -287 -4474 3627 -5567
4919 -5883 9694 -567 4919 -5883 -7002 -8056
-6735 -6730 -8776 9972 -6735 -6730 -3188 3539
-8554 -5162 2614 9989 -8554 -5162 2947 -9952
1694 7582 -317 6399 2522 2761 -4808 -9909
-7559 -2445 2341 5501 -2124 -9062 -5381 5982
-9220 -8451 -2664 8692 -9704 2221 1905 -5378
105 4345 -9575 -6129 105 4345 -309 5523
799 -1862 -9693 7568 1888 -2295 -9852 6445
167 2531 -2313 6194 -920 -5634 -3964 -3838
-8293 -4871 -332 -3369 6684 7830 -8936 -8609
-9589 5678 9680 -9880 -2991 7764 9954 -3324
-4531 -9542 294 -724 -4531 -9542 -725 -2493
2155 -3697 -984 -3944 4424 -4091 -8922 3037
-1749 -4537 -4121 -8751 -1749 -4537 6276 7610
4736 -2926 -104 1026 4736 -2926 4718 -9893
1070 5916 -5522 -9379 485 4997 -8009 -3393
7593 3048 -3385 6096 7593 3048 -7406 2965
1446 -8458 -1923 -3990 1446 -8458 3223 -2215
-6491 -9087 -8543 1499 -6491 -9087 9931 -1705
5410 885 -7352 8982 4327 -9874 -2851 -752
-4864 6343 -1306 1797 1741 1841 -1853 2256
-17 1267 -863 6841 -17 1267 8499 8850
4093 -431 9052 -4686 7131 -622 7214 -6382
9650 -5646 -6452 -4692 9650 -5646 8482 -8268
-2677 -322 4849 -1739 -2677 -322 -1630 1788
-9593 -5547 -4594 2453 1017 -9439 -7356 -4143
1072 -8280 5869 6251 3605 2929 -7942 3718
-4093 -6816 9682 6186 -4093 -6816 -5224 2496
4276 3977 9680 -445 7596 -331 8763 3948
-4801 5135 -7514 -1077 2637 -7707 -475 4531
3131 9736 -3956 -4189 9382 -2464 3834 -1291
-7941 7574 -6363 -6641 -7941 7574 8791 2156
5024 -5929 9914 2510 5024 -5929 7410 -835
-8533 -9266 6807 -106 -8533 -9266 2997 -9563
-6587 -6066 3816 6258 379 -5614 4423 75
-6577 4733 -9563 -4481 -7369 -3822 1976 -844
-6895 4674 -1112 -803 -5220 6853 6684 6638
5183 -7254 9956 -455 7331 2134 -9729 5661
-6673 3807 4822 -4678 -6388 8866 -8968 7097
-9487 -1278 -9097 6837 3915 4671 9861 7375
4165 -912 -85 6609 4165 -912 7609 -6379
2139 -3305 5842 97 2139 -3305 3742 -8271
-3043 -4786 -8625 -2898 -7519 -3720 3377 -6148
8734 -9503 766 -2946 8734 -9503 -2128 -7605
3151 6325 -1715 1525 3151 6325 5357 -3783
6305 -3262 3606 3240 6305 -3262 832 -6604
-4255 41 9235 -4680 1059 -108 3921 -1979
5824 5848 -5594 8088 5824 5848 -895 -7828
-8333 8028 -9289 246 -8333 8028 -5035 3640
-2691 -1384 -2681 -1936 -9152 -7456 3111 -7160
-4194 -8193 -2123 422 -4194 -8193 -298 -3101
-703 -5518 -2307 -6386 3588 3775 -7657 -2185
-1950 2535 -4342 -6201 8468 8455 -7430 -7707
-711 -6282 -4953 -3673 -711 -6282 4480 -3473
462 6882 5338 -5333 -6594 -5704 1278 -496
5373 -9320 -6070 -8174 5373 -9320 179 -2465
-5405 -7353 9758 8128 -5405 -7353 1429 -7673
-1834 2370 -7776 -3187 8135 3662 2241 -8207
-8741 -6676 3361 -3722 -8741 -6676 474 841
-6763 5870 -6987 -7440 -4082 -4237 4207 7968
4530 8558 2440 -5605 7856 -6100 2258 -3477
6704 -7638 -9929 7616 6704 -7638 -3340 -1103
9070 -9181 3369 1920 9070 -9181 4520 -37
-1089 3445 4925 -8534 -1089 3445 -1188 9860
-1749 -2733 -7501 3371 -1749 -2733 894 1759
3093 839 -8622 7259 3093 839 -1244 6717
-9257 -1236 -1018 -8779 -9257 -1236 -5474 3469
5080 -523 -1353 2563 5080 -523 -1118 8097
1158 -6942 9473 9680 1158 -6942 1187 5513
573 8135 -1537 8627 573 8135 -7776 -9726
7335 -7256 8896 1032 -248 -7617 5074 -3979
9047 -2439 414 5715 3793 -8289 9905 8553
6845 -1656 -1433 -5966 6845 -1656 -9855 -2986
-5100 -6995 -3433 -6921 2696 2655 -6163 -1418
-5740 -3112 -2248 -7236 -5740 -3112 357 -2747
-5864 5467 6197 7997 3301 -5975 9030 7712
-7075 -8965 5301 729 -7075 -8965 3470 8295
2277 -208 -7067 -3818 2277 -208 3000 9388
-7366 -3571 8261 -699 3847 3897 -1183 -6760
6528 7361 -8718 -8295 6528 7361 -4547 8150
-6084 -4891 3598 -40 -6084 -4891 -8505 -275
-9570 -9113 -4612 8449 7367 -4298 4312 8530
-8603 -8281 4844 -2706 5604 7401 -211 -7863
2288 4992 2859 -5000 -4355 5800 726 5860
3549 -7683 -1357 8398 -8082 -9311 2267 5944
4839 5069 -8190 8933 4839 5069 46 308
-2926 -5866 1695 280 -8204 -8644 -8438 641
9516 -8836 2329 7967 9516 -8836 163 160
9721 -840 -9407 -9472 -9568 -6067 2365 -7857
-6671 8881 -4324 6214 -6671 8881 -8171 -5275
9698 -4720 -2071 6317 9698 -4720 7623 7200
-9013 2581 -8134 -6002 -9013 2581 3813 -136
5345 7196 -174 3366 -4923 -5746 3762 3488
1470 -4942 -8216 -125 1470 -4942 -6 -2261
4240 8301 -6023 9683 -7180 7268 5021 -6893
-4894 8321 458 6123 -6718 -5732 -4865 -1239
-8102 7998 -526 595 -876 -9998 -5584 3411
9786 -3886 5907 -1463 9786 -3886 -4666 -2054
-9629 4432 -6287 2840 -9629 4432 -7806 2880
-2528 -6583 5086 8087 -4590 841 -1906 -1878
5430 -3253 9276 3408 5430 -3253 2856 -2501
7240 -3467 -6457 5507 1257 -5272 -9286 -9375
5739 -5149 -5232 8135 -2560 -422 -6879 -1971
1309 -2782 -7398 4658 9516 -6798 -3600 4113
8900 6226 7053 -1143 8900 6226 9278 7324
6594 6251 -7572 -8279 -9794 47 -7811 -7084
8056 -2124 -2396 -6566 8054 4947 -7013 -4766
3974 3338 -1877 -616 8355 -8899 8034 2191
4118 -9004 -1008 6760 7274 6279 -2226 9038
-1344 2257 -9824 5435 7608 9613 -4246 -4281
-436 -4724 8934 -51 -436 -4724 -4918 4396
-2095 -8546 -9277 4938 3295 6641 4803 -9830
1940 4806 5595 -5042 -9931 4725 -2451 6075
-1442 -7774 7898 -4602 -8387 -850 6565 -1218
-8966 401 -4898 5229 -8966 401 -1627 9398
7068 -1514 4590 -800 -5872 5758 7507 2727
-1989 6990 1911 4511 4797 -7719 -6877 -5142
772 8126 8186 -3931 8357 9706 -7306 5879
-5993 3074 1536 5822 -5993 3074 8195 7047
-5810 8203 -1812 -4688 -5810 8203 3294 -7981
-4935 7495 881 9633 6134 -2696 -4628 -8782
3918 -5256 2894 -5622 -6823 6400 7054 -8109
-4295 -950 -5784 6006 2064 5392 6310 -3847
9529 4569 7811 -7636 8942 -50 -1366 654
9192 -3915 1587 -1815 9192 -3915 -7789 -3919
3640 5482 -8883 -1809 3640 5482 -855 6660
5857 -3480 -9139 -7578 5857 -3480 8194 -8433
2715 2228 146 -1371 8374 2510 -7752 -6227
-9699 -260 -5793 -307 -9699 -260 1941 -229
5051 9974 2452 -2415 1219 -4285 6330 -7494
5249 -7200 7064 618 5249 -7200 3167 -5842
-9185 204 7119 829 -9185 204 3297 -8227
-5934 -4653 8983 8240 -5934 -4653 8655 983
6351 -1561 3156 -3042 6351 -1561 -4824 -3498
-7477 7476 4159 -1793 5721 521 -6960 -2548
-5748 8979 5909 8558 -5748 8979 -7501 -9395
-377 6711 -4196 -458 -9909 -2678 -293 5249
-55 636 -8057 -357 -55 636 6457 1354
5509 -1081 8377 8162 5509 -1081 -4593 3778
-6466 3607 2664 914 4676 5832 -4581 -8283
-1370 -3559 7972 9444 -1370 -3559 -9450 -2126
-3943 -4859 7795 9411 -3943 -4859 3945 3007
-8017 -5077 -4150 2316 5513 6076 -5629 2127
-8100 7819 -4562 492 -8100 7819 -4012 -9248
4149 7535 4384 -5823 4722 7870 -9930 -1795
-8033 4548 2820 1147 -8033 4548 -6980 -9668
8257 -9918 9206 -5637 -4572 -3227 -4447 225
6431 1781 3665 -775 2410 -8142 -7144 7243
-9489 5267 6256 7953 -9489 5267 -6946 3043
4459 6698 -8777 4377 4459 6698 -5604 4102
7321 7770 -6888 -9104 7321 7770 -9283 684
-8479 -1257 6564 -5306 4654 1794 9394 5107
2104 -1595 9051 -110 2104 -1595 2110 -8783
9255 -1982 -1164 -7760 9255 -1982 -2052 9082
-3177 1499 1214 -895 9949 9168 -1410 -1507
7698 -7694 3706 9108 -8802 -4595 -9796 8025
8499 3927 -19 1459 -8274 6672 -3451 -7877
966 -6403 -2349 -6861 -7796 6835 2032 8940
-1079 -3726 -147 -804 -1079 -3726 -6403 8829
8400 1453 -3542 -5032 8400 1453 1048 4935
-2439 -6656 -2934 -26 -5625 -6868 -4973 -9308
-3714 -4562 2021 690 -3714 -4562 -870 -8556
58 -8990 9521 -3912 58 -8990 -9188 -963
2470 6176 1382 -9786 965 -8811 9864 1860
1964 448 -6566 9183 1964 448 7360 3035
-4083 656 1122 -8926 -9388 -9215 -5290 4669
6080 4297 6418 -8311 -6192 -6276 7022 2390
4755 -86 3094 -8192 -9893 -5406 5477 9300
-7347 6004 -7707 273 -7347 6004 7999 6287
-6953 -1583 -2438 -2242 -4493 9585 -7004 -4124
6588 -9372 3066 7815 6588 -9372 6818 8667
9338 2535 6822 -1019 -5722 7366 7863 -49
9739 -6912 -77 -9908 6430 -7972 3674 2482
7879 3271 -3207 4622 5587 6653 -7287 7930
-6242 -4691 1000 7430 -6242 -4691 -7701 -9085
9616 3536 7633 7283 9616 3536 -5225 8867
-8794 4916 1721 1461 -2285 -7558 5665 -570
-2932 3581 -2777 5654 -9577 -7840 7061 -6027
-4715 5064 6932 3378 -8422 -316 -130 -5475
3065 3085 9457 5515 3065 3085 9928 -8756
-7148 6259 4295 -6162 -7148 6259 -5527 -5468
-3441 -2617 -2933 2518 -3441 -2617 -745 1057
-1489 8118 4578 9183 9503 771 1378 -181
1960 -6277 -470 5049 1960 -6277 7821 5518
-4884 -757 -510 6559 5292 509 -4343 -7892
9018 -8757 -8616 -9829 -7441 334 -6548 4127
-5389 9134 -8381 -8549 -2716 6907 8868 6614
1518 2232 7213 -4906 1518 2232 7720 8927
-8002 -7874 7010 -5507 -8002 -7874 5309 -9995
-2629 6694 4678 4631 -2629 6694 -1970 -9218
-4833 -3273 6480 9401 -8496 -1694 3359 6633
-1000 2723 5456 6952 -8139 5919 9507 6980
-8112 7795 285 -3054 5422 -838 8020 -2125
9168 -6284 -7564 -9005 -4330 3075 7150 -910
-7416 -1197 -9845 -3548 -5638 8849 -1576 -3368
-3310 1640 5769 -6497 2252 -8026 -5769 -9346
5783 -9020 -2456 -643 6154 2918 8529 -9606
-2289 1613 -4310 2686 1066 -2411 7074 -7628
5420 1308 -3885 847 -6132 -2480 -2793 9206
6284 -875 5585 2464 6284 -875 7119 -3447
7631 7753 -5736 -7596 -4024 7249 -7213 -666
-4503 5840 -8461 -3528 -4439 4387 8155 1366
-7498 9313 -8085 8547 -7498 9313 -8683 9052
-4592 -7701 9356 -9062 -7050 8295 8027 -4600
-997 -150 2618 -1288 -997 -150 -5380 2752
8554 -4192 6656 6783 8554 -4192 -5233 -3899
-6277 -7694 7087 -2818 -6277 -7694 8420 -9521
-879 5890 -3098 -7383 -879 5890 -4284 8801
3805 1420 -4098 7780 7132 -1897 -6077 -9205
4467 2153 1880 6426 8912 5282 6824 9123
2961 2286 -806 4144 -5092 8005 -7337 303
2454 9268 -6708 -6340 2454 9268 5621 5427
-4858 -3584 7373 -8024 4272 1678 -3270 -1321
2479 7006 4353 -7973 4240 5080 -8203 -8131
7701 44 -895 -9648 -4932 6781 3713 7884
8968 904 -3614 9128 8968 904 6627 -6168
190 431 -6161 4348 190 431 2462 -8377
-6489 7272 -608 5227 -6489 7272 -6210 -7865
-8885 -2607 -4398 -4550 7291 6157 -7944 -6378
-6541 -3787 7153 4766 -6541 -3787 -6949 5336
6233 -7437 -9537 2728 6233 -7437 2240 -4862
9903 5710 -3984 9245 9903 5710 1203 -5699
8485 -4368 2801 -1097 -8730 6803 9114 6834
1452 -1059 -3974 8367 1452 -1059 5935 -6495
-2863 6966 -7888 3947 2878 8537 -7300 4305
-556 -8692 -6273 -3365 -5942 4196 -5771 798
-7837 -1793 -2703 -5362 -7837 -1793 7611 6776
-8179 -8474 4389 5078 -8179 -8474 3937 2401
4905 4596 -7485 411 -2159 -5985 -3154 -9874
2831 -1517 -79 -4175 -316 6556 -6221 5917
-4525 8058 8476 7023 4427 7098 9928 -4577
-5491 -5392 -9283 5247 -7064 -1096 -2895 -8565
9364 3493 -2059 3306 9364 3493 -2329 -1592
3578 1914 5304 4165 3578 1914 3042 -4581
7381 4925 9421 -8559 7381 4925 -5736 -5271
9451 -8554 9766 -3080 3761 -1767 -4010 -3330
8465 3574 -5171 5729 -3242 -3629 -1752 9092
-4094 6313 5698 6792 -2151 -6020 -5745 -8757
-9570 5780 -2122 -1489 2148 -8111 -8393 -7568
-1650 -6037 2384 9690 -2108 5765 9390 4617
5826 -5907 941 -7949 5826 -5907 9540 9056
-1639 -3791 2404 -6844 -5925 -9736 6122 -5990
2366 -3634 -9310 9165 2366 -3634 4006 5287
-9303 -9318 -8949 -270 9020 718 872 8538
-6277 8431 7491 -6558 -6277 8431 1910 6875
5574 -9764 -5190 -2584 -5359 -7536 -9378 9026
6545 1511 2935 5916 2318 -18 1029 -3500
2779 8898 -9211 -3852 2779 8898 -6542 2971
8429 4246 3736 8707 8429 4246 -922 -5733
-681 -4810 -5178 9797 770 5998 1636 1051
-8733 7589 -4853 9581 -8733 7589 5889 -5951
1125 -9379 -1131 -285 1125 -9379 -2495 -3370
7237 902 6434 7069 7237 902 -3985 -2258
-6044 -2101 240 7876 -6044 -2101 7630 1270
-2497 4455 -5679 -5212 -3478 -2007 9755 3924
65 -4780 8000 6467 -9147 3767 7849 -6713
8787 -219 5744 9380 -639 -3428 -7004 2750
8857 1164 1090 4158 8857 1164 -432 -9639
3559 -5139 -8777 -8281 3559 -5139 5687 -9609
2300 7887 4151 -4792 2300 7887 -7266 -6963
9750 -4814 -1814 227 9750 -4814 7429 3023
6371 4416 7165 -8549 -674 -1017 1816 8832
6532 -7327 7885 6752 6532 -7327 -9616 -8308
-9026 -350 -9768 -9022 -5288 5373 130 4656
-5882 -8396 7301 1525 914 4468 -6354 -7723
151 -8138 5742 7140 2117 -4010 8098 5230
-8592 1447 7526 1719 -1655 6397 3398 2923
8066 -4393 1292 -6675 7345 9976 -7489 -3810
-6826 -4666 -630 3080 -6826 -4666 5683 -5357
5606 6528 6155 -5119 -5753 -7461 -638 -2032
6488 6511 5698 -7001 6488 6511 860 6870
-7485 -2481 -3072 -4389 7035 -4245 -7050 7763
4575 -253 5359 -8564 4575 -253 7005 5972
9618 -891 2460 165 9618 -891 -7998 -6520
-3435 7441 5113 8346 -573 965 -3694 8068
-3427 -2299 97 -306 2283 -4335 -3580 8277
-6749 -1940 2009 8077 -6749 -1940 8293 4146
-677 6816 6745 4955 -677 6816 2856 4761
69 -3154 1099 8488 -2635 1678 -5723 -5954
7821 -8184 -8946 8327 7821 -8184 6709 -3195
-1328 -6716 8369 4479 -1328 -6716 6091 -7123
-8771 -4203 -1051 -6269 -8771 -4203 -1891 -3701
2922 298 -9894 -6668 -5587 8186 -9606 4155
4036 745 6656 7272 1597 -1994 -938 1377
-6038 -4642 -4710 -4674 -6038 -4642 -1918 8745
-4557 1929 5413 6502 8019 6028 -2979 -9146
-2142 6516 -8289 454 -8702 4864 -4007 -5873
4156 -4010 -5751 5984 8105 4712 6725 5826
-8122 4987 7227 7926 -8645 6728 715 8464
2015 -4355 7159 5881 -3561 1471 4618 1243
-7015 -9404 -1042 8832 -7015 -9404 6503 -7635
-5659 335 4812 4923 -5659 335 -6040 2362
-2658 5907 5992 6328 -4324 3617 -2589 9048
2400 -7069 4958 3374 2400 -7069 -1195 -7699
2709 -9707 -9004 4843 2709 -9707 -8569 -6211
9066 1744 -9123 9382 51 4291 -910 6343
-9685 8762 -8366 4707 -1421 -4357 -2059 -3325
-4401 698 -6829 2647 -8544 -9938 -7001 -329
8151 3823 -3567 -8717 8151 3823 1282 5131
-2178 -5400 2686 6839 -2178 -5400 7987 2986
692 -6616 -7267 -8671 -4436 9569 89 -560
945 4822 7034 2385 945 4822 -5662 -5581
-4123 -9228 -9059 2616 -4123 -9228 -6579 3537
356 -5959 4871 -6293 356 -5959 -65 -6999
-2153 -3348 -1389 7018 -8608 -4095 7090 -4232
7168 -4206 17 -3700 -4785 5427 6922 -8787
-9492 3502 -598 7922 -6558 -9837 -1151 -4204
4854 3200 -3169 -6540 9545 -9305 3552 5726
-7939 8293 -8527 -1075 2113 -6252 3905 4188
-2072 175 -3605 -4847 7170 2050 1778 -7046
-2008 1111 -5209 9581 4238 -104 -5730 7028
9774 1872 4595 9570 9774 1872 -2284 7992
-1649 6124 9453 -3841 -1649 6124 1181 -8908
7531 7878 1162 5340 7531 7878 5123 4702
6483 9320 -8209 5555 6483 9320 -4283 -8438
-8068 8810 7556 -4351 -8068 8810 1992 -6976
-7431 -732 8170 -2994 -6465 9019 -9502 -5284
-7056 -4835 -7875 -4340 -7056 -4835 3415 8321
4758 1734 -4609 8258 -2537 6710 1047 -284
-7941 6237 -8790 -9209 -7941 6237 -5860 6259
-3607 -1169 -6205 -3606 -3607 -1169 -8434 -1252
4663 -7053 -9408 7229 4663 -7053 9580 2833
1651 -9910 -2677 7609 1651 -9910 1947 -1780
1076 2738 -201 -1716 1076 2738 1207 1183
2262 -8922 607 6495 9591 1508 332 -3838
-4598 6838 -7821 6244 -4598 6838 250 -4043
-7445 3972 -9089 4778 -7462 -5622 2792 3532
9369 -9049 -9488 -8332 9369 -9049 4975 -2951
3510 3724 -5380 9192 3510 3724 2476 -475
-3398 -3449 -8083 78 -3398 -3449 8903 -5565
9562 678 -560 2371 -6192 -8146 6263 6231
-2231 -4300 8829 3579 -2231 -4300 -2746 -729
5319 -3493 -4934 -6679 5319 -3493 -3279 5633
-9872 -4796 9664 3120 -9923 9738 486 2989
8099 -5589 -2827 4827 9898 -8893 1286 6817
5076 -7998 -5011 2537 5076 -7998 1015 -9429
6194 -4342 6626 7730 -6556 1268 -2642 1268
-1566 4848 9511 6486 -9701 -8098 -2498 5939
-5591 4946 -3834 -6815 9180 -1072 -4439 7840
5247 -3257 9235 -4840 5247 -3257 1871 -3165
2950 -840 8900 -4174 2950 -840 -8565 9764
-9167 -2827 1349 2029 2557 -1451 -7493 -6188
-8183 -3485 -8919 -1768 5077 -946 7297 -9665
-8459 7154 7331 -8768 -8459 7154 -8047 9061
1447 4508 1530 -347 8298 -1051 -5144 6049
-1285 -2290 6759 6496 -1285 -2290 2878 -5072
-8114 -6656 6790 -9962 -8114 -6656 8620 -6989
-7627 -5335 -1908 -7350 -3776 -6866 -8843 -230
-7092 1017 -1028 -3055 -7092 1017 3626 1431
-4217 -1702 6540 4892 -8817 -3091 114 -1058
615 5101 -2684 7377 615 5101 5943 -257
-6197 5041 5714 -1630 -6197 5041 -9214 -1353
46 7896 3799 6630 46 7896 -4670 347
4148 1060 -5834 -3034 -5744 9716 -7622 -1892
9127 -4994 6276 -7530 9127 -4994 1362 480
2664 -5451 4064 -2459 3102 6928 -1044 8831
-6094 7086 7433 -4803 -6094 7086 8368 9237
582 1005 -9266 -8535 582 1005 8159 7191
-7537 2101 1017 -3125 -6236 -6381 6989 114
-7841 -5702 -2384 469 -7841 -5702 9058 4056
-7326 -8285 6922 3992 -5659 -6986 8935 -569
3210 243 -3409 -9160 -1611 461 -2641 5289
33 -2418 628 -9897 33 -2418 -8832 -6040
-2293 531 379 -6536 6852 7770 -8237 -8155
-6545 -1579 1967 1839 -6545 -1579 -981 6827
5041 -710 -6787 -5285 5041 -710 6533 3855
-7100 -5876 -2263 -8025 -5083 5754 5828 -4718
8608 1312 -3436 -2274 8608 1312 9544 -2866
-3143 3166 -6256 -4093 9651 -4014 6390 4644
-3256 9221 -3332 9582 -3256 9221 -2216 -3814
-3458 -2116 2304 532 -3458 -2116 5267 -7501
4055 1999 7834 6785 4055 1999 -2684 -7965
6018 -4365 -8943 2345 6018 -4365 8759 2554
-9089 -6656 9748 -7794 -2851 8061 -8708 -3876
-9280 3934 -1666 -3585 -9280 3934 -9716 -4956
6189 9370 -1767 2088 6189 9370 -7378 -6920
-8630 5977 -8158 1435 -8630 5977 929 2866
7546 -6818 -9247 1219 1487 -1071 -147 -9734
4835 6759 2881 -6475 4835 6759 3763 -8855
530 -306 1963 5124 530 -306 -1892 -3914
8243 1191 7377 -5876 -2376 -5671 -6766 5470
8886 -3741 6064 -2399 -3960 -4613 2789 -8797
-8162 -3553 -5310 4025 3771 4621 9670 2346
6342 -2493 8681 5337 2749 6751 6034 -7969
3271 -2951 -2939 -1047 3271 -2951 3601 1612
-2826 2663 1916 7548 -9653 888 -6058 -4474
-1948 -7122 -3648 205 -1948 -7122 7663 -89
-2436 -7022 -1371 -1409 9723 -6968 6590 1281
-8967 -1027 4559 2675 -9125 2483 4029 364
6851 2626 8202 4122 6851 2626 -5922 -2570
7709 -5030 -820 9014 -4656 -9388 -7839 130
-9638 -2075 9731 3546 1368 102 -2289 9022
2084 -1190 3308 -316 -3644 -9761 -9127 -9765
-3846 9082 -3547 -2029 -1270 4689 -6894 7694
6901 -3498 -6319 6937 6901 -3498 -3154 -3076
1871 -9112 6842 2197 1871 -9112 356 -6176
-808 -8058 -7020 1401 -808 -8058 6869 -6358
-4252 -4565 -8821 -703 9778 -4583 -1302 -8938
-2886 -8683 -264 -3864 -2886 -8683 -4013 1131
1272 -1026 -8930 -5259 953 -1243 -7614 662
-9994 6268 -9288 -819 -9421 -3663 7764 -6760
7123 -2710 -5277 6019 7287 -4117 5510 8160
-3187 5657 3807 2661 -3187 5657 -3626 -5744
3289 1793 -445 6351 -6074 -938 7950 9682
-3 7592 -4108 5928 2973 -7016 6339 2219
6355 -1259 -5886 -6936 6355 -1259 1826 7387
6713 4826 2148 377 6713 4826 3576 588
-6261 -4174 7248 -6138 -6261 -4174 -5725 -8215
3148 -865 682 8967 -6692 -3918 1308 -7365
3221 6175 4682 4891 3221 6175 762 -1176
-4017 2260 -9093 2401 -7905 -6954 -1936 -7602
-5212 5612 7595 -5419 7286 -8238 4921 8002
78 -959 8602 -5427 78 -959 2205 -3699
5915 -8546 -1726 -7154 -3458 -2975 8598 -6266
3072 7972 7122 3999 -6546 -5149 3873 3556
5566 2969 -4646 -8208 5566 2969 -7564 -4342
-1738 -5961 -3396 2108 -8060 3181 -9992 -517
5857 -5846 -539 3386 6751 8772 -7922 -8172
-8475 2918 3429 2519 -8475 2918 -8530 -6618
5661 -1019 -6425 4690 -677 -6283 -5936 -9043
71 9717 -5026 -3086 -420 6009 -1584 -1482
-224 -3637 2698 2843 -1923 -1361 7910 3136
2459 251 52 7536 2459 251 -2568 -4645
5771 2374 -14 -5815 -5325 -4579 6191 7958
8748 -1028 4292 3470 8748 -1028 8839 1348
3621 5811 4723 4559 3621 5811 4427 -6063
-9659 -624 6687 -1063 24 4428 -365 -6857
5418 -3649 3036 8094 9326 -3073 -2305 -7112
2922 -9803 -1971 8314 2922 -9803 -3785 -2699
8276 7571 3270 -7596 8276 7571 -9246 -958
-1025 9702 -6783 9103 -9701 2413 9901 9369
-8337 -3140 319 -6746 -3349 -4154 7251 7307
6724 -274 -9333 -3944 6724 -274 -8407 4483
645 3190 -4451 -398 645 3190 -4531 -4345
4554 -4237 1140 -4523 4554 -4237 5563 5408
-8177 8685 -2647 7618 -2265 -3556 -7969 1740
4053 8699 -9851 4450 2332 63 7195 -3592
-4723 6789 -2538 -8888 2386 7441 1243 9442
1068 9655 -8672 -6986 1068 9655 -7952 7511
9815 7916 2799 4974 -5607 -1646 -4737 9786
-7580 3193 1565 -5168 -3003 -698 4093 -1470
6429 -6582 -161 8966 6429 -6582 6985 -1096
1418 8553 7197 8795 -4071 -9384 6621 4479
-2030 -1147 9074 9998 -4522 1860 -6825 8664
1853 -6713 -5060 7186 1853 -6713 9488 3593
9968 -7760 1865 -877 9796 -5021 -7641 -5138
5145 -7412 -9690 -9309 5145 -7412 -5720 6981
-486 6479 6270 -7516 228 2611 -4559 8861
378 -9859 4108 7782 378 -9859 7463 -7756
-4476 7093 -4999 1629 8905 -9860 -7299 1606
-6556 -1589 1275 9301 -6556 -1589 -3502 6804
-6059 3089 8952 3822 -6059 3089 -4916 -4005
2890 -1975 628 6413 9227 4188 3519 7924
-5611 -860 -9198 -9934 -5611 -860 -626 4447
5465 9411 -8378 6639 -3162 6502 -3634 8208
-3540 -6404 -9481 8479 -2697 1638 -2714 1139
-6107 -5165 5118 -4801 -6107 -5165 -3583 -9580
1517 7170 -6280 -410 -3826 -7384 -2009 -3227
-3551 1108 -6324 -3138 -3551 1108 -9166 5911
3291 3062 -4977 3053 3291 3062 5454 5539
-7514 8654 8206 -877 9403 5125 4004 -2752
9832 -2611 2150 -4938 9832 -2611 -999 -2212
3343 3868 2289 -2941 -9278 6747 -7020 -7297
7870 -3040 -9303 -445 2945 2755 5627 -4050
2221 9188 -1181 -7353 2221 9188 -6623 -5257
7542 -3497 -4802 -4020 7542 -3497 7257 1008
1010 832 5995 8218 1010 832 1956 7117
-7465 9275 6402 5090 -9631 -7910 1888 -3832
5442 6741 -6486 1877 -548 -662 4966 -2426
-3277 -2712 7438 -5438 -3277 -2712 7910 4576
-6976 -9640 -9724 -8499 5373 9312 -6449 -3279
-522 2466 -4115 3 -522 2466 5757 -9578
-8610 4325 -6432 -6512 1419 2325 8746 918
2289 23 6298 -8810 2289 23 -2093 4209
-5971 4006 -7176 -1107 -1696 -1966 6727 -7256
-6661 6089 -1492 4748 -6661 6089 3417 -1599
-5671 5017 207 7976 -5671 5017 1564 9665
4484 5639 -4581 -8562 4484 5639 -4837 -189
-1448 -6429 8668 -651 -1448 -6429 -269 -8940
265 -8324 -5647 8790 265 -8324 -9224 -890
1177 -5553 -3920 -3987 -9271 1627 -1130 -155
-3845 -8269 1596 -1043 -3845 -8269 -323 -6816
5868 7588 -2007 -5809 5868 7588 2876 -445
-7558 2167 -4157 -3301 -9768 6558 -4314 6997
8251 -6786 1120 -5034 5236 7075 -30 5049
-3947 -5264 8821 -5310 -2663 1225 5193 1967
-7364 -6647 9840 -7995 -7364 -6647 -803 -6443
7830 9406 2913 -7153 7830 9406 5211 8255
-1331 -7538 -4405 7865 4249 5107 5660 1553
-8289 -6348 5080 -2815 -8289 -6348 540 6768
-8743 -7173 5197 2449 -8743 -7173 -4611 5829
-9650 -8856 -5414 9567 -9650 -8856 -1527 -9804
9754 1688 -4469 6312 9665 -8570 -102 -1946
2425 7894 -493 -3312 2425 7894 -1391 -6061
1806 1387 -18 272 5433 436 -3058 3942
9012 6805 911 3055 -5414 -3658 -6076 2975
-2202 -992 -237 -6554 -2202 -992 8830 -7147
-4571 -2313 -7150 2480 -4571 -2313 -6561 8809
4931 1233 7644 -6036 4931 1233 7172 8483
-8206 -9124 7954 -4859 -8206 -9124 -8632 -1467
-4969 6 -7626 9862 -4969 6 4030 2194
-444 2320 -6467 1552 2905 9574 -6462 -6737
9472 -425 -4348 3542 9472 -425 6277 -9692
-4561 3584 -8364 -9992 -4561 3584 -2187 2490
7205 1870 -4843 8938 -7037 8773 -7195 -8571
-171 -75 6288 9579 -9199 -2931 -8698 7014
4649 -5768 2532 -2358 -3319 -9344 2869 -7567
1956 7144 9311 -4609 1956 7144 -4575 -7329
909 -8530 1777 7955 -5982 -2427 8337 -7266
-7532 -8485 7643 -9232 -7532 -8485 -7575 -8916
-4189 -9398 -6101 -4658 -3427 8439 8261 -8281
4936 -9569 6881 -1468 4936 -9569 973 -9042
-4159 6474 -2032 -6065 -5528 -4393 -4130 1230
8660 -7570 4828 4543 8660 -7570 -573 -342
7526 -7431 -5199 1268 7526 -7431 -6713 -4074
2822 -2436 -2089 224 2822 -2436 -9989 6443
3409 -3383 -9129 -6374 8090 2432 -5919 -2265
2962 693 -9924 -7130 2962 693 1518 -4104
2171 -8234 5841 7792 -3556 6356 -3474 3724
4914 2726 4492 -2172 -8185 2751 -9080 3658
1741 1165 4345 4225 -2908 9052 -9415 -6460
8070 1948 7090 7173 8418 927 -5436 -6316
2780 -7808 7135 844 2780 -7808 -8311 -4025
2489 -3038 -8363 -6213 -6312 7531 4596 -1160
1100 -971 2048 -6515 1100 -971 -5977 -1019
-4814 1037 -2573 -6080 -4814 1037 913 -5202
-6073 2648 4886 7762 9034 9119 -5727 1328
4013 3803 -693 -8192 -3937 -7552 3691 7610
9300 -1495 3534 -6872 9300 -1495 -6105 9245
7000 1678 -6713 -1344 1156 8154 4981 6790
-4475 -574 -2055 6132 -8927 9723 -6781 -2909
4189 -3337 4035 1075 4189 -3337 7526 -4504
-6326 -2059 -3914 -3964 -9613 2940 -9138 4123
-2189 -3500 -5509 -1252 1193 1382 195 829
8739 -9152 -15 -52 -5220 9590 1044 425
-6784 9579 3887 -1799 -6509 8957 -3899 1954
8446 2505 -670 6458 -2411 -4760 669 -9899
-2103 6399 8502 -6999 -2103 6399 -4713 -1316
6373 6292 -5501 -1550 6373 6292 20 6297
8341 2700 -2771 4914 8341 2700 -9789 -5724
4890 6206 8604 3540 4890 6206 -8722 -446
9478 -1045 -1387 7710 9478 -1045 -8284 6990
2924 -7402 -4207 649 8546 -4116 -4292 1625
7847 5035 -21 6744 -2584 -8898 -5536 3944
-2082 8282 4322 -8539 -7797 -9381 889 -867
-6261 1826 8547 -6489 -6367 -1040 -2607 1094
-2933 7650 5115 2459 -2933 7650 -3836 -7809
-6368 5158 -3482 -9485 -9106 6848 -5765 -9282
8401 -9638 9526 -7685 8098 -629 -764 6319
6728 4255 -5186 -5105 -2900 9360 2724 -3466
-2313 -6971 -6916 2334 915 -4323 -5300 -2759
-8524 -9241 3810 4368 -8524 -9241 -6886 -6913
5048 -2304 -9743 -8057 4346 1107 -6774 1835
-8628 -3206 585 -2938 198 -1420 5870 -8392
-5390 3115 -3978 4915 -5390 3115 9641 -1418
-6181 -4471 -9179 2746 3798 6295 3188 1041
5951 -5180 7125 3156 9543 9252 -1089 1875
2765 -1224 7308 -1192 -8490 -2816 2492 -5292
-1617 -252 1241 2633 -1617 -252 -1591 8080
630 7186 -8748 2209 -314 -4823 -2697 -7747
-3301 -8344 4661 -5368 -3301 -8344 789 -1504
2491 3646 -549 -6108 4 -3000 -1894 -6072
7931 1909 -8688 5672 7931 1909 -2537 879
-5689 8044 -3953 466 5559 6217 -2287 -3875
5086 5221 -8603 9740 5086 5221 9171 -4152
-2171 -7399 -8515 -6299 -2171 -7399 3260 8774
2876 7004 2935 -9490 2876 7004 2721 6008
9430 3495 3743 3946 9430 3495 8008 4108
3929 -6684 -2328 -3295 -3833 9876 -7137 -1301
-9060 -1502 -1062 -4668 66 -6840 -3211 -7438
-2944 8519 -1056 -1150 -2944 8519 -1824 -4960
7221 -5833 5677 -152 7221 -5833 -979 2568
-5794 -7412 -9044 -669 264 7059 -9238 -4961
-6752 -5239 -3121 2748 -6752 -5239 3503 1352
-9520 -6831 9519 -3810 -1878 5390 9849 -4368
8461 3012 247 9022 -8749 -1081 9576 5246
-5435 675 -2246 4293 1684 -5923 469 7447
-4442 1398 6405 -9125 4579 1122 -1273 -2180
-4306 836 -7624 -2149 5748 -3128 7270 6616
-9264 -2114 -4130 -3370 -9423 6291 8128 -1144
1011 6233 -7778 -8753 1011 6233 8862 -1409
-3267 -2421 4092 790 -2375 -1411 3950 5687
-9044 3314 4083 8041 5930 4587 2980 195
5150 8964 379 -8211 5150 8964 -7383 3134
2351 -1177 8723 9955 2351 -1177 -5271 -8447
3216 -7907 4833 6862 -1233 6201 -3377 -5291
-2344 478 -2005 992 2762 2614 2848 4888
-8837 -9130 6297 830 -4235 -5510 -5829 -2280
3944 5530 7648 8390 -3623 -4215 -9022 9557
4575 -5738 -4849 8694 -6657 3321 -4398 -3447
2640 6923 -4823 9712 6257 7156 50 -2508
-2479 -2440 4006 -6800 8943 6723 3403 910
4797 -9190 8407 8564 4797 -9190 2531 3958
-219 -4385 8349 -8936 1308 4649 7093 -5537
7335 -7906 3860 2538 7335 -7906 239 807
7889 5643 2497 1791 7889 5643 -3189 -5565
7276 -5853 3212 -1677 7276 -5853 2820 5949
0 0 0 0 0 0 0 0
