6.24128619282711 11
-2.13862056220715 6
-5.4436432513109 4
6.71345306809105 5
-5.77733429949242 3
-3.52795609309939 12
2.55628232848798 4
-5.96006876353804 8
3.01020449845546 2
2.10723419785374 6
4.26223540819226 2
-1.11769836480616 2
-1.54448041658084 1
4.30698574582266 5
-6.79177253717383 8
-1.90586916688003 1
6.61980752504128 7
5.73431625772838 2
0.446988658780977 2
-1.65597833882885 1
3.37941054974131 4
2.66312097890022 9
-2.39155309004213 2
-6.33633418684583 8
6.17224729205289 12
1.27039740506518 7
5.38770459941842 11
-3.49004628258987 5
-4.21281679248704 4
-4.57376839436118 8
-3.46651811572986 8
-1.7138851174475 12
3.57957605223032 10
1.41982510666871 10
6.03406422841461 2
-3.35455136829209 11
-4.95684176202738 1
3.06551412364266 1
1.53447877570126 10
4.48007292318077 9
6.01466571914906 6
6.97953064004788 7
6.35630913700508 11
-2.10740370062701 11
2.17964904864633 2
-0.474429728460053 4
-3.98883011249537 10
-2.93695411893127 10
4.32697400553455 4
-0.895273446838847 7
2.26375328365279 10
-4.88029732583103 6
0.997164807665521 10
-2.36351999167449 2
-4.28732839486743 8
5.20189707962857 11
-4.31291074718125 3
-4.33767914623451 8
-0.91116758874708 5
-4.89009993562541 6
-0.915864012218572 9
-0.081053060132896 8
-1.17632875943207 4
-5.54564804152638 2
-6.00781287095053 4
3.41875807863415 1
0.812766648728173 10
-1.56283487704378 8
3.76945273414886 11
1.32751560613298 11
-1.16371272597172 6
-4.61696851212667 8
6.71785424844336 9
-6.91919634313955 7
-3.32505031767037 3
4.439301924776 11
-6.60509995997107 10
1.64717556197419 10
1.32576397529194 9
5.62505838967428 12
-4.57098053198448 2
2.95731422234059 12
-3.17537291488599 2
-5.3986814340411 11
-5.41979813904375 2
6.68781571514143 8
-3.15309399788084 4
0.557881105906569 1
0.68385190056866 7
-3.88190909183107 5
-6.57094180096287 10
-0.860127924354329 7
5.40744406091617 11
1.29241195265095 6
-3.72625421208131 12
-5.68515311044663 5
2.98147271410467 3
2.05625227478131 2
3.06708875921846 9
0.013788247612107 10
6.63119064630852 8
