1
1 0
3
0 0
0 0
0 0
5
1 2
3 2
1 4
5 2
3 3
5
4 0
0 2
3 0
1 0
0 5
8
2 128
2 1
256 2
4 1
8 2
1 16
32 1
1 64
10
500 500
500 0
500 0
500 0
500 0
500 500
500 0
500 0
500 0
500 500
25
137 173
173 26
32 32
31 11
159 90
12 161
0 0
78 144
18 103
14 10
146 1
499 499
28 183
499 499
175 21
34 109
13 174
12 118
61 143
70 146
21 47
50 131
13 13
49 86
43 114
25
319 84
442 359
102 331
232 369
337 297
114 445
453 191
302 428
99 488
350 387
47 389
439 426
242 342
249 293
172 103
146 192
317 149
367 60
320 289
160 22
117 298
329 293
434 166
277 362
344 98
35
26 312
159 107
448 223
164 15
31 437
286 188
452 477
6 75
1 1
390 226
141 7
392 166
221 26
211 136
190 23
500 500
340 179
404 383
380 406
334 358
33 369
1 1
48 253
148 302
233 233
45 432
184 88
52 54
258 176
394 165
127 127
482 172
88 157
229 51
74 381
40
11 88
377 385
187 447
402 23
371 432
57 242
94 433
291 198
146 340
157 79
249 69
476 498
200 181
88 195
188 302
212 239
102 482
193 413
56 318
155 241
118 223
301 87
53 322
180 405
269 140
489 372
332 334
475 121
106 469
59 76
180 73
166 149
144 59
264 305
371 495
490 35
137 275
433 54
45 325
457 101
30
0 0
297 77
455 235
444 225
238 458
77 298
142 362
91 311
115 336
2 223
318 99
321 102
354 134
183 404
275 495
423 203
164 384
160 381
43 263
172 393
377 157
377 377
442 223
449 229
334 115
26 246
262 483
273 494
100 320
259 259
20
369 151
10 238
187 29
392 178
255 37
164 390
327 112
379 161
17 237
276 61
27 248
77 301
196 15
57 284
2 230
204 12
291 76
178 400
308 95
51 277
20
369 151
10 238
87 29
392 178
255 37
164 390
127 112
379 161
17 237
276 61
27 248
77 301
196 15
57 284
2 230
204 12
291 76
178 400
3 1
51 277
40
500 500
500 500
500 500
500 500
500 500
500 500
500 500
500 500
500 500
500 500
500 500
500 500
500 500
500 500
500 500
500 500
500 500
500 500
500 500
500 500
500 500
500 500
500 500
500 500
500 500
500 500
500 500
500 500
500 500
500 500
500 500
500 500
500 500
500 500
500 500
500 500
500 500
500 500
500 500
500 500
40
338 402
22 342
443 412
438 440
230 7
7 469
462 4
455 170
208 69
90 218
245 4
472 38
373 1
397 1
34 202
4 318
59 23
45 438
466 5
303 299
3 467
339 189
18 449
343 4
181 199
124 7
272 3
1 486
45 119
269 64
480 28
204 388
142 41
267 34
389 28
40 441
8 174
34 439
271 449
30 171
40
221 172
230 59
473 313
57 482
339 420
194 396
169 419
496 366
141 284
2 78
65 414
93 163
428 114
260 285
473 354
398 386
386 316
240 16
249 324
338 439
359 203
26 121
488 130
234 292
6 22
143 24
10 86
346 460
271 343
114 59
325 279
267 419
188 50
96 160
198 196
8 458
395 191
14 389
491 38
471 1
40
528 241
265 711
594 562
892 530
128 65
373 872
916 76
951 954
825 691
242 830
443 944
339 545
126 777
509 576
377 587
179 999
522 370
509 219
145 313
740 228
173 396
564 464
747 361
722 9
300 676
909 319
188 900
261 292
375 82
281 635
407 550
758 108
502 290
802 923
968 853
733 996
704 275
323 625
378 154
14 822
400
138 250
868 560
918 852
296 462
478 847
758 47
752 533
684 548
576 262
289 520
405 295
956 308
877 172
4 942
817 938
998 87
850 422
483 681
133 708
375 187
600 407
503 235
528 207
260 540
631 688
342 332
877 97
469 75
424 445
703 573
957 538
870 160
775 216
182 88
529 220
240 600
213 216
223 415
798 122
696 264
18 424
133 18
913 519
641 486
809 149
391 403
896 159
138 326
467 970
66 170
760 69
591 506
214 620
707 714
193 825
453 548
884 658
569 510
727 120
154 970
321 778
276 875
893 541
59 110
388 99
144 24
53 174
141 94
540 447
26 574
131 213
112 416
591 691
574 624
811 392
840 681
405 370
91 957
515 708
128 776
192 839
417 267
214 864
508 46
11 436
979 152
311 424
825 782
77 992
695 465
991 5
170 43
114 924
129 957
313 704
711 876
706 224
422 978
804 812
758 658
286 714
442 108
459 879
735 503
628 470
791 421
529 919
218 747
374 396
31 597
536 806
223 275
945 549
315 484
476 484
327 848
611 592
169 737
150 946
633 208
801 86
81 683
300 851
517 283
66 129
507 548
835 549
848 833
717 694
461 973
93 941
81 274
806 599
884 170
5 436
848 636
204 297
207 67
835 212
260 722
46 921
696 211
733 834
679 544
582 853
405 188
101 997
750 684
412 628
122 709
712 452
418 364
867 5
62 116
430 488
518 785
20 684
655 540
827 839
620 924
183 522
865 692
692 99
246 281
963 501
944 512
371 984
478 141
892 73
1 937
241 60
158 35
345 210
397 639
282 119
146 502
19 804
755 36
994 548
892 282
443 27
428 286
898 509
488 4
684 811
543 43
223 534
980 988
952 290
259 763
499 268
303 604
78 503
930 66
568 696
618 805
329 969
83 34
279 537
573 850
876 229
872 143
317 212
835 658
82 479
651 710
313 532
937 311
530 683
818 269
245 479
123 484
670 627
2 417
884 135
424 903
840 715
262 457
359 683
621 483
86 59
13 152
404 374
604 184
296 414
115 862
866 410
237 53
825 154
21 943
237 725
968 639
656 509
881 155
983 728
149 109
101 168
289 759
873 99
82 451
772 284
595 715
283 340
980 643
503 153
68 394
299 412
796 929
513 992
452 196
871 876
383 140
556 405
727 671
561 296
443 985
778 401
634 830
265 899
131 291
795 782
134 58
698 773
866 240
722 606
435 776
171 884
327 215
887 184
823 133
704 935
98 236
501 769
236 760
869 127
325 194
410 554
739 444
970 26
798 843
641 506
531 218
281 390
246 762
117 198
467 686
752 700
986 623
814 618
720 155
928 881
751 256
434 135
804 385
261 724
755 945
110 364
701 947
38 135
501 809
705 849
874 924
915 984
44 852
846 56
359 860
861 39
773 177
265 194
627 830
7 726
626 603
254 215
367 408
762 242
943 168
618 68
543 426
830 926
3 241
868 257
690 6
685 599
721 95
276 711
306 711
80 474
343 156
873 72
256 152
359 940
169 372
376 988
342 49
21 308
713 559
920 590
195 468
566 371
766 344
591 450
247 7
503 591
894 183
4 720
542 316
278 129
168 118
349 515
650 737
281 146
667 589
508 653
683 432
366 403
342 693
423 49
922 982
747 646
867 997
303 374
739 21
988 222
496 247
686 649
378 891
51 849
12 793
192 878
691 376
155 764
504 841
197 461
485 146
743 650
127 375
436 862
978 959
771 828
411 764
256 909
244 600
372 174
919 946
491 943
825 939
787 818
181 352
766 122
102 570
641 555
423 597
228 44
577 447
626 402
748 351
115 725
397 142
839 895
487 986
0
