1
1000 1
-628 7896
-357 5305
-489 8311
-340 6414
-256 5059
-238 5576
-228 6544
-227 9397
-99 5271
-109 7687
-63 9236
10 5414
61 7877
124 8076
206 8091
325 9139
274 7140
409 9483
308 5479
303 4999
579 8800
751 9766
806 9877
758 8594
687 6953
916 8550
741 6705
746 6076
769 6213
894 6651
1288 9272
898 6142
1424 9153
1374 8275
919 5419
912 5024
1727 9276
1231 6287
1743 8805
1872 9083
1937 8941
2178 9700
1535 6552
1390 5769
1938 7897
1313 5093
1550 5929
1651 6214
1951 6943
2524 8875
2133 7323
2151 7066
2184 7042
1689 5367
2386 7353
3069 9184
2966 8612
3044 8775
2439 6831
1811 4921
2493 6661
2888 7497
3589 9245
2438 6168
1976 4876
2852 6863
2430 5744
3748 8696
2771 6338
3445 7623
3230 7028
3228 6939
2370 5018
3218 6680
2858 5796
2859 5726
2582 5032
2321 4483
4622 8675
3844 7117
4322 7898
3246 5782
2834 5011
2977 5128
3124 5338
3197 5360
4200 6962
2837 4635
4525 7173
4457 7002
4132 6351
4782 7272
2792 4195
3937 5811
4272 6217
3752 5340
3102 4374
5061 7020
3353 4607
4924 6676
4265 5697
3994 5216
3469 4441
6016 7647
5793 7197
5731 7102
5673 6856
5416 6431
3475 4093
3515 4057
4826 5501
4734 5324
5080 5641
5749 6308
3826 4158
3454 3681
3791 3963
5117 5311
6697 6799
4740 4729
3911 3851
3770 3693
6359 6091
6309 6022
4066 3823
5313 4886
4444 4011
7091 6347
3942 3494
7202 6213
4022 3423
5057 4272
4519 3774
5696 4695
5231 4237
5422 4335
4896 3843
4221 3276
4579 3483
7844 5882
6805 4988
4373 3158
6460 4657
6377 4473
7629 5319
6623 4525
7741 5218
4500 2983
5645 3704
5072 3238
5613 3569
4700 2918
5774 3530
5243 3147
7114 4231
7589 4397
4793 2758
7342 4139
4592 2526
4805 2639
6103 3268
7693 4082
6774 3529
5113 2576
4771 2385
7554 3704
5705 2753
6313 2981
7943 3714
6901 3150
9114 4087
8882 3867
6700 2844
5125 2135
6828 2819
5182 2089
6242 2440
8795 3372
4755 1814
8349 3060
7260 2615
5099 1790
5088 1774
4979 1693
4947 1617
7566 2458
9136 2885
8198 2508
7595 2278
6430 1884
6305 1778
5350 1477
8238 2203
6004 1559
6471 1618
7917 1920
8583 1991
8309 1916
5856 1309
8598 1819
5273 1074
8463 1651
5714 1108
8264 1515
5473 975
7406 1267
7367 1162
7187 1089
8535 1217
8232 1143
7374 967
8619 1093
7306 866
4995 529
7892 822
5418 517
9899 829
9161 753
7534 564
9082 562
7060 387
9321 499
7405 334
7094 249
9525 283
8198 171
7527 118
7668 67
5923 11
7835 -65
8535 -122
7552 -136
5822 -162
7466 -250
8704 -345
7537 -366
8180 -496
9187 -602
6280 -466
5823 -459
5112 -431
6500 -598
7118 -734
9142 -975
5866 -670
5571 -671
7659 -1005
6832 -959
6278 -901
9358 -1441
8185 -1317
7469 -1244
8370 -1451
9725 -1742
6454 -1238
8589 -1699
5516 -1110
7003 -1468
6455 -1439
9089 -2080
7328 -1708
7488 -1798
7764 -1927
9409 -2424
5902 -1571
9071 -2461
5170 -1471
9575 -2762
6093 -1807
9383 -2844
7890 -2492
5291 -1685
7176 -2355
6768 -2302
5923 -2059
5726 -2016
9258 -3325
8581 -3193
8834 -3329
6237 -2425
5641 -2229
8968 -3642
8438 -3472
6886 -2876
8263 -3553
7466 -3234
8252 -3645
4910 -2245
7964 -3669
6121 -2906
5930 -2845
8456 -4101
5120 -2551
5116 -2592
8616 -4455
7050 -3712
7488 -4005
5202 -2840
7690 -4230
8487 -4813
6468 -3710
8405 -4907
7745 -4600
5920 -3562
7230 -4397
8059 -5043
6818 -4298
5247 -3352
5774 -3749
7420 -4906
7483 -5025
6718 -4593
5735 -3994
5708 -3994
7017 -5052
6883 -4974
5319 -3928
4132 -3082
4789 -3628
6460 -4979
5643 -4393
5487 -4374
4931 -3956
4198 -3436
6812 -5673
4441 -3731
3939 -3384
4734 -4079
4872 -4284
7341 -6527
6041 -5438
5342 -4927
3784 -3514
4123 -3887
3868 -3726
4773 -4649
4744 -4705
6484 -6503
4925 -5041
5450 -5609
4173 -4347
6368 -6799
5888 -6307
3907 -4288
5540 -6111
6435 -7291
4416 -5031
4344 -5012
3641 -4307
5302 -6299
3212 -3866
5923 -7308
3279 -4068
5647 -7118
3676 -4740
3750 -4924
3939 -5247
4758 -6443
4298 -5885
5687 -7919
5683 -8053
2917 -4189
5049 -7323
5125 -7512
5226 -7809
3025 -4628
2969 -4608
4181 -6604
3891 -6157
4208 -6813
4680 -7702
2691 -4522
3801 -6456
3067 -5336
3313 -5842
2669 -4808
2509 -4588
3629 -6675
4357 -8282
4232 -8064
3025 -5887
2670 -5288
4336 -8813
3371 -7008
3728 -7846
2301 -4926
2912 -6374
2743 -6139
3931 -8830
3455 -8012
1954 -4646
3775 -9163
3608 -8906
2603 -6543
2849 -7251
2882 -7551
2215 -5919
2916 -7979
2909 -8211
3178 -9083
2117 -6243
2866 -8597
1831 -5692
2786 -8779
2299 -7412
1827 -6134
2265 -7632
2562 -8935
2547 -9222
1669 -6259
2301 -8676
2300 -9098
1521 -6157
1848 -7808
1213 -5251
1801 -7944
1990 -9275
1975 -9576
1387 -6862
1574 -8163
952 -5195
988 -5471
1459 -8637
1555 -9292
1265 -7905
1065 -7072
1082 -7703
1142 -8251
1067 -8284
1172 -9923
634 -5643
796 -7544
699 -7147
625 -6649
535 -6202
506 -6556
673 -9539
511 -8272
464 -8281
268 -5499
353 -9143
269 -8506
226 -9135
133 -7187
77 -7849
8 -5585
-33 -7975
-51 -6639
-102 -5819
-151 -7061
-347 -9875
-333 -8486
-293 -6758
-397 -7363
-312 -4992
-503 -7205
-616 -8534
-676 -8176
-713 -8042
-494 -5160
-959 -9109
-764 -6648
-954 -8199
-1044 -8392
-1049 -7802
-894 -6373
-1357 -9176
-864 -5447
-1130 -6784
-1061 -6217
-1752 -9742
-1585 -8551
-1516 -7967
-1373 -6953
-1942 -9485
-1788 -8300
-1201 -5301
-1347 -5750
-1176 -4934
-1341 -5477
-1748 -6919
-2149 -8224
-1527 -5593
-1599 -5830
-2393 -8383
-2619 -8904
-1882 -6301
-2537 -8119
-1814 -5744
-2829 -8771
-2905 -8664
-1703 -4955
-2861 -8173
-2170 -6149
-3282 -8978
-1828 -4910
-3133 -8159
-1867 -4816
-2200 -5484
-2032 -5046
-1834 -4580
-434 -1112
-430 -1127
-1632 -4389
-624 -1726
-625 -1744
-560 -1601
-165 -484
-1478 -4399
-784 -2412
-129 -407
-1123 -3598
-1196 -3958
-434 -1481
-313 -1109
-267 -970
-519 -1929
-677 -2555
-619 -2463
-1140 -4571
-331 -1377
-104 -446
-579 -2624
-280 -1314
-621 -2954
-732 -3579
-762 -3889
-404 -2150
-191 -1089
-160 -936
-509 -3108
-303 -1984
-31 -209
-690 -4887
-258 -1884
-66 -525
-234 -1948
-399 -3678
-266 -2506
-167 -1716
-199 -2249
-24 -276
-294 -4023
-59 -907
-234 -3756
-255 -4894
-172 -3593
-168 -4655
-116 -3704
-2 -74
-65 -3199
-26 -3528
-5 -1997
16 -3447
17 -1684
56 -2594
113 -4653
120 -3513
84 -2083
222 -4797
134 -2542
194 -3113
279 -4265
161 -2121
36 -438
71 -766
285 -2902
474 -4527
155 -1365
582 -4737
91 -738
246 -1833
189 -1315
27 -175
336 -2112
517 -3145
724 -4157
623 -3472
370 -2000
856 -4455
429 -2157
90 -424
24 -111
866 -3800
289 -1242
225 -926
82 -333
1073 -4203
572 -2158
726 -2682
212 -768
1340 -4649
533 -1803
654 -2157
1120 -3641
1185 -3779
1427 -4372
1014 -3017
459 -1356
431 -1243
1408 -3965
1182 -3257
425 -1126
669 -1735
414 -1067
1675 -4216
846 -2071
1141 -2754
1923 -4563
1436 -3333
646 -1477
1824 -4032
873 -1889
1635 -3470
466 -985
439 -910
1776 -3597
892 -1782
1895 -3666
1459 -2814
314 -593
2081 -3844
1540 -2824
145 -259
2069 -3637
94 -161
1277 -2186
980 -1643
1517 -2492
1526 -2483
470 -747
879 -1381
464 -712
2420 -3699
2773 -4149
2222 -3296
1271 -1855
1097 -1559
1788 -2499
2286 -3183
975 -1341
1592 -2135
2241 -2988
2663 -3450
2592 -3314
1021 -1287
116 -145
824 -1014
776 -938
1178 -1408
3076 -3621
1265 -1467
752 -854
1632 -1849
2486 -2763
292 -319
533 -571
3431 -3634
1706 -1783
1147 -1182
1312 -1341
1375 -1382
675 -669
1852 -1797
2123 -2027
2566 -2426
3257 -3022
1227 -1131
1058 -964
1552 -1391
3482 -3069
661 -578
977 -839
3319 -2787
812 -670
480 -393
529 -427
1148 -912
2133 -1668
1957 -1519
122 -93
1604 -1196
144 -106
3834 -2783
852 -611
2033 -1437
2397 -1661
618 -421
3518 -2372
849 -561
1584 -1037
59 -38
3549 -2252
3001 -1853
2187 -1345
2108 -1274
2882 -1708
2541 -1484
2729 -1572
4059 -2295
1522 -836
985 -534
2809 -1509
4408 -2332
1814 -929
3210 -1625
2211 -1096
668 -328
4371 -2115
1962 -923
196 -90
3155 -1424
3959 -1754
236 -102
4247 -1828
1768 -742
3762 -1554
1035 -413
2496 -989
2792 -1083
3175 -1199
3589 -1331
315 -114
323 -113
3668 -1259
2023 -676
2772 -908
808 -257
1174 -363
1002 -307
910 -270
3773 -1089
2363 -665
1268 -350
1168 -310
3510 -896
3257 -815
1616 -390
3048 -714
3428 -782
1307 -287
3778 -803
505 -104
4365 -870
3449 -645
611 -113
3496 -617
71 -12
119 -19
1254 -188
1131 -165
175 -24
3278 -431
258 -31
3546 -404
1860 -204
1126 -116
3490 -331
430 -37
3539 -289
1954 -141
2483 -166
3925 -217
1683 -85
4125 -163
1219 -43
2447 -62
414 -10
945 -13
982 -5
4443 17
3968 25
982 18
2910 55
2664 78
1884 69
3696 161
3360 163
3665 220
2046 128
365 27
2116 166
2651 223
1540 151
303 30
3373 377
3597 425
316 38
2422 314
4589 621
4742 703
2608 406
2147 352
3117 524
4364 778
1385 250
3485 674
619 123
1861 379
234 50
1707 371
257 59
3947 934
3289 805
865 217
1862 482
1906 510
3335 902
2082 585
1 0
2831 835
1862 568
2124 658
3906 1260
2713 901
2473 829
1852 645
2414 857
3546 1283
2428 903
504 193
3495 1354
1800 715
1322 536
4403 1821
191 80
959 414
2580 1128
3440 1519
548 247
735 341
3824 1797
3578 1706
4005 1970
780 389
3839 1944
3923 2041
4223 2209
4400 2367
2726 1478
2109 1167
2877 1626
525 300
95 55
3748 2230
3328 2009
3079 1878
97 60
1774 1124
2819 1800
2962 1940
1541 1022
3655 2456
284 193
3313 2315
3666 2573
3141 2245
1638 1185
2906 2133
1509 1124
3230 2448
2715 2095
1320 1031
3709 2969
1585 1288
3705 3030
31 26
386 325
893 767
1168 1017
3417 2992
753 678
3104 2833
1684 1552
1534 1426
2276 2156
1223 1173
3154 3063
2151 2126
1456 1466
555 567
1790 1847
2566 2678
1714 1822
2888 3136
104 113
3029 3385
1733 1954
3186 3658
2126 2453
2075 2439
533 634
3151 3842
1682 2066
2021 2530
274 348
1034 1326
2248 2925
1778 2371
1206 1625
1192 1619
2119 2952
2694 3811
2085 2974
2020 2919
1251 1843
2283 3447
2130 3231
212 328
2585 4054
256 408
1427 2314
2266 3731
1701 2859
655 1124
104 180
791 1388
81 146
1496 2739
1373 2543
2038 3866
2207 4235
992 1937
1394 2797
1466 2957
1356 2796
212 448
503 1068
2024 4385
2004 4447
924 2100
58 132
1577 3707
1391 3357
257 632
1350 3391
979 2530
1652 4331
1647 4391
484 1325
962 2701
179 515
516 1515
810 2442
121 369
1489 4709
1361 4388
540 1797
1172 3968
987 3483
189 684
937 3507
76 295
934 3636
987 3996
822 3397
475 2034
174 789
995 4586
624 3027
927 4591
621 3250
349 1900
428 2363
97 577
67 407
646 4091
1 4
29 201
305 2262
366 2950
133 1095
307 2774
338 3266
314 3234
315 3369
221 2677
216 2982
203 3107
40 667
43 860
0 1
187 4488
128 4395
42 1790
67 3573
31 3859
12 2910
-3 627
-40 3065
-50 3323
-84 3551
-23 693
-7 188
-99 2026
-145 2575
-79 1282
-271 4071
-208 2847
-232 2877
