1
999 1
-3857 -9226
-3915 -9202
-3973 -9177
-4030 -9152
-4088 -9126
-4145 -9100
-4202 -9074
-4259 -9048
-4316 -9021
-4373 -8993
-4429 -8966
-4486 -8938
-4542 -8909
-4598 -8880
-4653 -8851
-4709 -8822
-4764 -8792
-4820 -8762
-4875 -8731
-4929 -8701
-4984 -8669
-5038 -8638
-5093 -8606
-5147 -8574
-5201 -8541
-5254 -8508
-5308 -8475
-5361 -8442
-5414 -8408
-5467 -8374
-5519 -8339
-5571 -8304
-5624 -8269
-5675 -8233
-5727 -8198
-5779 -8161
-5830 -8125
-5881 -8088
-5932 -8051
-5982 -8013
-6032 -7976
-6082 -7938
-6132 -7899
-6182 -7860
-6231 -7821
-6280 -7782
-6329 -7742
-6377 -7702
-6426 -7662
-6474 -7622
-6522 -7581
-6569 -7540
-6617 -7498
-6664 -7456
-6710 -7414
-6757 -7372
-6803 -7329
-6849 -7286
-6895 -7243
-6940 -7200
-6985 -7156
-7030 -7112
-7075 -7067
-7119 -7023
-7163 -6978
-7207 -6933
-7250 -6887
-7293 -6841
-7336 -6795
-7379 -6749
-7421 -6703
-7463 -6656
-7505 -6609
-7546 -6561
-7587 -6514
-7628 -6466
-7669 -6418
-7709 -6370
-7749 -6321
-7789 -6272
-7828 -6223
-7867 -6174
-7905 -6124
-7944 -6074
-7982 -6024
-8020 -5974
-8057 -5923
-8094 -5872
-8131 -5821
-8167 -5770
-8203 -5719
-8239 -5667
-8275 -5615
-8310 -5563
-8345 -5510
-8379 -5458
-8413 -5405
-8447 -5352
-8481 -5299
-8514 -5245
-8547 -5192
-8579 -5138
-8611 -5084
-8643 -5030
-8675 -4975
-8706 -4920
-8736 -4866
-8767 -4811
-8797 -4755
-8827 -4700
-8856 -4644
-8885 -4588
-8914 -4533
-8942 -4476
-8970 -4420
-8998 -4364
-9025 -4307
-9052 -4250
-9078 -4193
-9105 -4136
-9131 -4078
-9156 -4021
-9181 -3963
-9206 -3905
-9230 -3847
-9254 -3789
-9278 -3731
-9301 -3673
-9324 -3614
-9347 -3555
-9369 -3497
-9391 -3438
-9412 -3378
-9433 -3319
-9454 -3260
-9474 -3200
-9494 -3141
-9514 -3081
-9533 -3021
-9552 -2961
-9570 -2901
-9588 -2840
-9606 -2780
-9623 -2720
-9640 -2659
-9657 -2598
-9673 -2538
-9688 -2477
-9704 -2416
-9719 -2355
-9733 -2293
-9748 -2232
-9762 -2171
-9775 -2109
-9788 -2048
-9801 -1986
-9813 -1925
-9825 -1863
-9836 -1801
-9848 -1739
-9858 -1677
-9869 -1615
-9879 -1553
-9888 -1491
-9897 -1429
-9906 -1366
-9915 -1304
-9923 -1242
-9930 -1179
-9937 -1117
-9944 -1054
-9951 -992
-9957 -929
-9962 -866
-9968 -804
-9973 -741
-9977 -678
-9981 -616
-9985 -553
-9988 -490
-9991 -427
-9993 -364
-9995 -301
-9997 -239
-9998 -176
-9999 -113
-10000 -50
-10000 13
-10000 76
-9999 139
-9998 202
-9996 265
-9995 327
-9992 390
-9990 453
-9987 516
-9983 579
-9979 642
-9975 704
-9971 767
-9966 830
-9960 892
-9954 955
-9948 1018
-9941 1080
-9935 1143
-9927 1205
-9919 1267
-9911 1330
-9903 1392
-9894 1454
-9884 1517
-9875 1579
-9864 1641
-9854 1703
-9843 1765
-9832 1827
-9820 1888
-9808 1950
-9796 2012
-9783 2073
-9769 2135
-9756 2196
-9742 2258
-9727 2319
-9713 2380
-9698 2441
-9682 2502
-9666 2563
-9650 2624
-9633 2684
-9616 2745
-9599 2805
-9581 2865
-9562 2926
-9544 2986
-9525 3046
-9506 3106
-9486 3165
-9466 3225
-9445 3284
-9424 3344
-9403 3403
-9382 3462
-9360 3521
-9337 3580
-9315 3638
-9292 3697
-9268 3755
-9244 3813
-9220 3871
-9196 3929
-9171 3987
-9145 4045
-9120 4102
-9094 4159
-9068 4217
-9041 4274
-9014 4330
-8986 4387
-8959 4443
-8930 4500
-8902 4556
-8873 4612
-8844 4667
-8814 4723
-8785 4778
-8754 4833
-8724 4888
-8693 4943
-8662 4998
-8630 5052
-8598 5106
-8566 5160
-8533 5214
-8500 5268
-8467 5321
-8433 5374
-8399 5427
-8365 5480
-8330 5532
-8295 5584
-8260 5637
-8225 5688
-8189 5740
-8152 5791
-8116 5843
-8079 5893
-8042 5944
-8004 5995
-7966 6045
-7928 6095
-7890 6145
-7851 6194
-7812 6243
-7772 6292
-7732 6341
-7692 6390
-7652 6438
-7611 6486
-7570 6534
-7529 6581
-7488 6628
-7446 6675
-7404 6722
-7361 6768
-7319 6815
-7276 6860
-7232 6906
-7189 6951
-7145 6996
-7101 7041
-7056 7086
-7012 7130
-6967 7174
-6921 7218
-6876 7261
-6830 7304
-6784 7347
-6738 7390
-6691 7432
-6644 7474
-6597 7515
-6550 7557
-6502 7598
-6454 7638
-6406 7679
-6357 7719
-6309 7759
-6260 7798
-6211 7838
-6161 7877
-6112 7915
-6062 7953
-6012 7991
-5961 8029
-5911 8066
-5860 8103
-5809 8140
-5757 8176
-5706 8212
-5654 8248
-5602 8284
-5550 8319
-5497 8353
-5445 8388
-5392 8422
-5339 8456
-5285 8489
-5232 8522
-5178 8555
-5124 8587
-5070 8619
-5016 8651
-4961 8682
-4907 8713
-4852 8744
-4797 8774
-4741 8804
-4686 8834
-4630 8863
-4575 8892
-4518 8921
-4462 8949
-4406 8977
-4349 9005
-4293 9032
-4236 9059
-4179 9085
-4121 9111
-4064 9137
-4007 9162
-3949 9187
-3891 9212
-3833 9236
-3775 9260
-3716 9284
-3658 9307
-3599 9330
-3541 9352
-3482 9374
-3423 9396
-3364 9417
-3304 9438
-3245 9459
-3185 9479
-3126 9499
-3066 9518
-3006 9538
-2946 9556
-2886 9575
-2825 9593
-2765 9610
-2705 9627
-2644 9644
-2583 9661
-2522 9677
-2461 9692
-2400 9708
-2339 9723
-2278 9737
-2217 9751
-2156 9765
-2094 9778
-2033 9791
-1971 9804
-1909 9816
-1847 9828
-1786 9839
-1724 9850
-1662 9861
-1600 9871
-1538 9881
-1475 9891
-1413 9900
-1351 9908
-1288 9917
-1226 9925
-1164 9932
-1101 9939
-1039 9946
-976 9952
-913 9958
-851 9964
-788 9969
-725 9974
-663 9978
-600 9982
-537 9986
-474 9989
-411 9992
-349 9994
-286 9996
-223 9998
-160 9999
-97 10000
-34 10000
29 10000
92 10000
155 9999
217 9998
280 9996
343 9994
406 9992
469 9989
532 9986
594 9982
657 9978
720 9974
783 9969
845 9964
908 9959
971 9953
1033 9946
1096 9940
1158 9933
1221 9925
1283 9917
1345 9909
1408 9900
1470 9891
1532 9882
1594 9872
1656 9862
1718 9851
1780 9840
1842 9829
1904 9817
1966 9805
2027 9792
2089 9779
2150 9766
2212 9752
2273 9738
2334 9724
2395 9709
2456 9694
2517 9678
2578 9662
2639 9646
2699 9629
2760 9612
2820 9594
2880 9576
2941 9558
3001 9539
3061 9520
3120 9501
3180 9481
3240 9461
3299 9440
3358 9419
3418 9398
3477 9376
3536 9354
3594 9332
3653 9309
3711 9286
3770 9262
3828 9238
3886 9214
3944 9189
4002 9164
4059 9139
4117 9113
4174 9087
4231 9061
4288 9034
4344 9007
4401 8979
4457 8952
4514 8923
4570 8895
4626 8866
4681 8837
4737 8807
4792 8777
4847 8747
4902 8716
4957 8685
5011 8654
5066 8622
5120 8590
5174 8558
5227 8525
5281 8492
5334 8459
5387 8425
5440 8391
5493 8356
5545 8322
5598 8287
5650 8251
5701 8216
5753 8180
5804 8143
5855 8107
5906 8070
5957 8032
6007 7995
6057 7957
6107 7918
6157 7880
6206 7841
6256 7802
6305 7762
6353 7722
6402 7682
6450 7642
6498 7601
6545 7560
6593 7519
6640 7477
6687 7435
6734 7393
6780 7351
6826 7308
6872 7265
6917 7221
6963 7178
7008 7134
7052 7090
7097 7045
7141 7000
7185 6955
7229 6910
7272 6864
7315 6819
7358 6772
7400 6726
7442 6679
7484 6632
7526 6585
7567 6538
7608 6490
7649 6442
7689 6394
7729 6345
7769 6297
7808 6248
7847 6198
7886 6149
7925 6099
7963 6049
8001 5999
8038 5949
8076 5898
8113 5847
8149 5796
8185 5744
8221 5693
8257 5641
8292 5589
8327 5537
8362 5484
8396 5432
8430 5379
8464 5325
8497 5272
8530 5219
8563 5165
8595 5111
8627 5057
8659 5002
8690 4948
8721 4893
8752 4838
8782 4783
8812 4728
8841 4672
8871 4616
8900 4561
8928 4504
8956 4448
8984 4392
9011 4335
9039 4278
9065 4222
9092 4164
9118 4107
9143 4050
9169 3992
9194 3934
9218 3876
9242 3818
9266 3760
9290 3702
9313 3643
9335 3585
9358 3526
9380 3467
9401 3408
9423 3349
9443 3289
9464 3230
9484 3170
9504 3111
9523 3051
9542 2991
9561 2931
9579 2871
9597 2810
9614 2750
9632 2689
9648 2629
9665 2568
9681 2507
9696 2446
9711 2385
9726 2324
9741 2263
9755 2202
9768 2140
9782 2079
9794 2017
9807 1955
9819 1894
9831 1832
9842 1770
9853 1708
9864 1646
9874 1584
9884 1522
9893 1460
9902 1398
9910 1335
9919 1273
9926 1210
9934 1148
9941 1086
9948 1023
9954 960
9960 898
9965 835
9970 772
9975 710
9979 647
9983 584
9986 521
9989 459
9992 396
9994 333
9996 270
9998 207
9999 144
10000 81
10000 18
10000 -44
9999 -107
9999 -170
9997 -233
9996 -296
9994 -359
9991 -422
9988 -485
9985 -547
9981 -610
9977 -673
9973 -736
9968 -798
9963 -861
9957 -924
9951 -986
9945 -1049
9938 -1111
9931 -1174
9923 -1236
9915 -1299
9907 -1361
9898 -1423
9889 -1486
9880 -1548
9870 -1610
9859 -1672
9849 -1734
9837 -1796
9826 -1858
9814 -1919
9802 -1981
9789 -2043
9776 -2104
9763 -2166
9749 -2227
9735 -2288
9720 -2349
9705 -2410
9690 -2471
9674 -2532
9658 -2593
9641 -2654
9625 -2714
9607 -2775
9590 -2835
9572 -2896
9553 -2956
9534 -3016
9515 -3076
9496 -3135
9476 -3195
9456 -3255
9435 -3314
9414 -3373
9392 -3432
9371 -3491
9349 -3550
9326 -3609
9303 -3668
9280 -3726
9256 -3784
9232 -3842
9208 -3900
9183 -3958
9158 -4016
9133 -4074
9107 -4131
9081 -4188
9054 -4245
9027 -4302
9000 -4359
8973 -4415
8945 -4472
8916 -4528
8888 -4584
8859 -4639
8829 -4695
8800 -4751
8770 -4806
8739 -4861
8708 -4916
8677 -4970
8646 -5025
8614 -5079
8582 -5133
8550 -5187
8517 -5241
8484 -5294
8450 -5347
8416 -5401
8382 -5453
8348 -5506
8313 -5558
8278 -5611
8242 -5662
8207 -5714
8170 -5766
8134 -5817
8097 -5868
8060 -5919
8023 -5969
7985 -6020
7947 -6070
7909 -6120
7870 -6169
7831 -6219
7792 -6268
7752 -6317
7712 -6365
7672 -6414
7632 -6462
7591 -6510
7550 -6557
7509 -6605
7467 -6652
7425 -6699
7383 -6745
7340 -6792
7297 -6838
7254 -6883
7211 -6929
7167 -6974
7123 -7019
7079 -7064
7034 -7108
6989 -7152
6944 -7196
6899 -7239
6853 -7283
6807 -7326
6761 -7368
6714 -7411
6668 -7453
6621 -7495
6573 -7536
6526 -7577
6478 -7618
6430 -7659
6382 -7699
6333 -7739
6284 -7779
6235 -7818
6186 -7857
6136 -7896
6087 -7934
6037 -7972
5986 -8010
5936 -8048
5885 -8085
5834 -8122
5783 -8158
5732 -8194
5680 -8230
5628 -8266
5576 -8301
5524 -8336
5471 -8371
5418 -8405
5365 -8439
5312 -8472
5259 -8506
5205 -8539
5151 -8571
5097 -8603
5043 -8635
4989 -8667
4934 -8698
4879 -8729
4824 -8759
4769 -8790
4714 -8819
4658 -8849
4602 -8878
4547 -8907
4490 -8935
4434 -8963
4378 -8991
4321 -9018
4264 -9045
4207 -9072
4150 -9098
4093 -9124
4035 -9150
3978 -9175
3920 -9200
3862 -9224
3804 -9248
3746 -9272
3687 -9295
3629 -9318
3570 -9341
3511 -9363
3452 -9385
3393 -9407
3334 -9428
3275 -9449
3215 -9469
3155 -9489
3096 -9509
3036 -9528
2976 -9547
2916 -9565
2856 -9584
2795 -9601
2735 -9619
2674 -9636
2614 -9652
2553 -9669
2492 -9685
2431 -9700
2370 -9715
2309 -9730
2248 -9744
2186 -9758
2125 -9772
2063 -9785
2002 -9798
1940 -9810
1878 -9822
1817 -9834
1755 -9845
1693 -9856
1631 -9866
1569 -9876
1506 -9886
1444 -9895
1382 -9904
1320 -9913
1257 -9921
1195 -9928
1132 -9936
1070 -9943
1007 -9949
945 -9955
882 -9961
819 -9966
757 -9971
694 -9976
631 -9980
568 -9984
506 -9987
443 -9990
380 -9993
317 -9995
254 -9997
191 -9998
128 -9999
66 -10000
3 -10000
-60 -10000
-123 -9999
-186 -9998
-249 -9997
-312 -9995
-375 -9993
-437 -9990
-500 -9987
-563 -9984
-626 -9980
-689 -9976
-751 -9972
-814 -9967
-877 -9961
-939 -9956
-1002 -9950
-1064 -9943
-1127 -9936
-1189 -9929
-1252 -9921
-1314 -9913
-1377 -9905
-1439 -9896
-1501 -9887
-1563 -9877
-1625 -9867
-1687 -9857
-1749 -9846
-1811 -9835
-1873 -9823
-1935 -9811
-1996 -9799
-2058 -9786
-2120 -9773
-2181 -9759
-2242 -9745
-2304 -9731
-2365 -9716
-2426 -9701
-2487 -9686
-2548 -9670
-2608 -9654
-2669 -9637
-2730 -9620
-2790 -9603
-2850 -9585
-2911 -9567
-2971 -9549
-3031 -9530
-3091 -9510
-3150 -9491
-3210 -9471
-3269 -9450
-3329 -9430
-3388 -9409
-3447 -9387
-3506 -9365
-3565 -9343
-3624 -9320
-3682 -9297
-3741 -9274
-3799 -9250
