1
900 997
6613 4749
8217 5373
5004 2966
6755 3793
7032 3801
6646 3243
4663 1980
8072 3153
6376 2390
8928 2932
8937 2637
5361 1256
5421 1087
5999 1105
9818 1268
7186 747
9007 546
9175 243
6240 -6
8534 -442
9503 -606
7370 -650
8125 -1172
8206 -1321
5252 -1041
4992 -1177
8456 -2302
5377 -1728
9468 -3217
8082 -3081
6297 -2836
8024 -3927
5690 -3049
4568 -2672
5090 -3088
6276 -4271
5578 -4083
4257 -3288
5537 -4485
5071 -4360
5659 -5294
4982 -4883
5672 -6247
6001 -7159
6069 -7730
5107 -6756
4988 -7387
3801 -5821
4571 -7889
4299 -7834
3605 -7255
3118 -6528
2993 -7001
2243 -5939
1866 -5612
1453 -4856
2515 -9251
2024 -8325
1590 -7608
977 -6086
974 -8070
782 -7131
277 -5053
247 -8528
-180 -7016
-546 -9073
-555 -5880
-873 -6717
-1263 -7804
-1007 -5940
-1392 -6099
-2228 -8905
-2291 -7448
-2017 -6425
-2255 -5859
-2809 -7106
-714 -1700
-798 -1924
-787 -1911
-141 -348
-556 -1390
-1083 -2726
-975 -2483
-892 -2298
-1026 -2706
-293 -775
-840 -2256
-1452 -3943
-210 -580
-506 -1420
-1183 -3342
-737 -2130
-562 -1651
-389 -1155
-1331 -4013
-1135 -3459
-67 -207
-259 -812
-525 -1683
-746 -2402
-443 -1447
-823 -2763
-341 -1154
-1329 -4579
-730 -2535
-305 -1084
-1124 -4089
-114 -422
-632 -2347
-833 -3198
-857 -3309
-970 -3814
-525 -2110
-339 -1395
-383 -1605
-476 -2030
-342 -1490
-3 -14
-448 -2008
-1064 -4849
-985 -4663
-410 -1986
-618 -3047
-894 -4490
-446 -2285
-522 -2721
-752 -4020
-236 -1304
-473 -2646
-252 -1453
-144 -851
-538 -3243
-710 -4473
-117 -744
-296 -1938
-482 -3296
-599 -4193
-528 -3822
-662 -4932
-509 -3983
-459 -3665
-566 -4713
-374 -3253
-36 -321
-366 -3390
-99 -958
-297 -3001
-18 -189
-82 -932
-372 -4316
-40 -483
-220 -2851
-338 -4597
-311 -4451
-310 -4732
-3 -44
-139 -2606
-3 -68
-28 -580
-200 -4896
-85 -2315
-109 -3098
-56 -1795
-102 -3811
-105 -4994
-11 -686
-65 -4775
-7 -996
-1 -781
13 -4888
9 -2387
8 -910
49 -3987
5 -271
69 -3193
89 -3476
121 -3712
151 -4282
40 -975
88 -2125
240 -4777
24 -454
262 -4552
276 -4632
256 -3962
313 -4377
222 -2960
143 -1807
128 -1562
228 -2587
78 -877
371 -3914
321 -3222
421 -4100
482 -4374
7 -61
256 -2187
602 -4943
263 -2125
19 -141
230 -1709
58 -416
227 -1607
708 -4853
437 -2883
779 -4928
156 -971
581 -3543
478 -2808
72 -412
173 -980
806 -4421
550 -2935
248 -1284
468 -2356
651 -3244
584 -2862
749 -3562
748 -3486
917 -4192
961 -4325
245 -1068
776 -3335
979 -4120
198 -814
1005 -4061
1153 -4622
1050 -4125
428 -1638
560 -2112
724 -2708
1159 -4241
741 -2662
786 -2802
1121 -3931
288 -992
382 -1278
76 -254
207 -671
620 -2007
550 -1738
1413 -4411
1480 -4554
42 -129
541 -1625
343 -1009
1094 -3201
1029 -2944
924 -2627
100 -279
1215 -3346
1081 -2948
933 -2511
902 -2386
1036 -2702
1038 -2682
640 -1631
1550 -3881
84 -211
1831 -4512
99 -240
812 -1939
684 -1618
1433 -3344
337 -776
427 -977
990 -2220
236 -529
554 -1227
1550 -3370
1113 -2411
720 -1540
1238 -2621
1493 -3104
139 -286
1391 -2826
1497 -3030
69 -137
1408 -2785
2081 -4072
521 -1009
1713 -3268
575 -1084
126 -237
1914 -3561
96 -176
107 -194
1539 -2770
1889 -3374
619 -1088
2177 -3798
814 -1402
478 -814
397 -672
127 -212
2060 -3421
2168 -3563
2530 -4129
293 -471
570 -916
697 -1105
2253 -3527
1838 -2863
726 -1113
2517 -3834
2561 -3852
1002 -1494
2168 -3222
933 -1366
140 -203
1988 -2866
2536 -3625
1039 -1465
2557 -3582
639 -889
2247 -3109
1476 -2019
2094 -2842
1551 -2074
2806 -3746
797 -1048
2304 -3016
1259 -1624
298 -383
1877 -2389
324 -407
482 -600
1788 -2208
1379 -1696
284 -344
2308 -2776
846 -1007
529 -626
1172 -1373
490 -569
770 -890
1083 -1241
1446 -1648
3123 -3505
2630 -2923
976 -1076
2880 -3152
1763 -1914
458 -496
3312 -3530
2921 -3103
2722 -2846
2251 -2344
2279 -2362
2292 -2346
2405 -2448
2275 -2286
3184 -3165
1032 -1023
3098 -3050
2636 -2570
1501 -1444
3524 -3361
1505 -1421
2772 -2613
431 -402
244 -226
2210 -2025
979 -889
551 -494
2191 -1946
2820 -2483
2020 -1769
68 -59
1073 -922
547 -467
873 -738
3015 -2541
1074 -893
3733 -3074
1997 -1633
1234 -1003
1053 -846
1396 -1111
3276 -2583
2263 -1763
1135 -878
1927 -1480
692 -526
16 -12
95 -71
2889 -2139
3768 -2778
3935 -2873
2941 -2128
3370 -2407
1448 -1027
1089 -763
2629 -1838
1127 -780
1972 -1342
2627 -1778
145 -97
2273 -1512
2962 -1947
1826 -1186
3203 -2063
2386 -1533
3895 -2473
1305 -820
1745 -1081
686 -424
546 -333
3953 -2391
1 -1
2501 -1485
3027 -1775
3443 -2010
1069 -615
449 -256
809 -455
692 -386
1692 -940
2973 -1619
2819 -1533
3921 -2097
2517 -1338
2859 -1504
2547 -1317
2317 -1189
3594 -1822
2347 -1185
1824 -908
1321 -648
2158 -1049
3804 -1843
2430 -1161
1284 -606
1946 -908
236 -108
4265 -1950
2657 -1199
2661 -1187
2186 -959
1475 -640
2529 -1087
731 -310
1694 -714
4080 -1702
571 -234
2005 -809
4529 -1803
2758 -1091
880 -345
278 -107
3325 -1266
218 -82
93 -34
4537 -1662
1722 -624
4204 -1500
3645 -1280
3780 -1311
1822 -620
3849 -1299
230 -76
4482 -1467
1005 -322
309 -98
2461 -771
425 -131
3305 -1002
2845 -847
2860 -841
1828 -526
2592 -738
3360 -940
1023 -282
540 -147
4205 -1115
1275 -333
2896 -744
4805 -1224
3823 -941
2719 -666
839 -199
4720 -1108
196 -45
2904 -657
2316 -506
3053 -657
3610 -761
188 -39
787 -159
569 -114
646 -126
3435 -649
332 -61
3435 -613
2237 -395
2836 -485
1640 -275
3921 -636
4080 -645
2269 -348
2875 -428
3162 -460
1092 -154
529 -73
862 -115
2359 -303
2450 -307
4824 -573
2568 -289
1601 -177
2373 -252
2482 -248
2169 -213
1475 -139
651 -58
4896 -402
3044 -246
2517 -192
3792 -266
4919 -330
371 -24
2468 -145
1480 -83
1619 -83
3858 -183
1328 -55
3184 -123
3040 -96
934 -28
4245 -101
257 -5
1769 -25
108 -1
2217 -13
3229 -3
3247 3
4750 31
583 7
4473 68
1951 41
2129 51
355 10
1154 38
364 13
2781 111
2337 103
3501 176
759 40
191 11
4077 249
3403 224
4794 340
768 57
4620 359
3286 276
968 86
4154 392
2090 201
352 36
4734 489
3881 424
4011 459
1037 123
1722 212
3227 412
636 83
936 128
3347 473
1511 217
746 111
4830 750
747 118
597 98
670 111
2390 407
961 171
1780 322
803 149
3533 665
1466 284
3016 592
102 21
11 2
2149 458
1411 303
3194 707
1224 277
325 75
848 197
888 210
1539 376
3126 771
322 81
2288 587
1895 495
3663 969
2181 588
1343 371
2281 640
3786 1078
1223 351
4533 1321
4300 1288
653 198
3096 957
3171 984
4411 1404
138 45
4414 1437
1479 486
1906 643
4101 1395
2120 736
3902 1364
2215 790
689 247
2903 1062
788 290
1645 615
4432 1677
4491 1729
3845 1504
869 342
4514 1811
1141 459
4157 1699
4354 1798
719 302
3032 1281
3352 1443
1718 744
3818 1677
283 126
518 232
276 126
2169 1001
1374 638
241 113
2214 1051
4452 2133
2626 1273
407 200
977 488
2457 1231
4005 2037
863 445
376 196
256 134
2352 1247
923 492
2157 1170
415 226
2715 1501
3811 2124
3236 1816
2068 1181
3344 1922
1679 974
1957 1145
1550 921
3232 1938
2425 1463
65 39
3901 2404
1032 638
2221 1394
513 326
2343 1504
2655 1710
3985 2591
1524 998
3057 2024
3759 2518
3853 2604
3652 2503
1205 832
2355 1631
1366 957
388 274
1626 1157
2718 1966
3106 2268
1814 1327
56 42
3277 2455
380 286
1170 893
3735 2874
1363 1059
1958 1525
3016 2379
1723 1376
1836 1478
480 389
2982 2433
1489 1223
2160 1791
1124 944
3770 3175
22 19
1628 1404
958 832
3707 3243
673 595
2680 2396
1888 1699
1377 1245
1070 980
1213 1117
2576 2404
3648 3418
2347 2219
3345 3180
320 309
925 898
1651 1622
1701 1684
1831 1817
1427 1438
1440 1459
3216 3283
92 94
3388 3536
2474 2592
2724 2892
3376 3593
891 961
2855 3090
108 118
2637 2921
2699 3009
2352 2634
2464 2787
363 415
127 146
1595 1859
335 393
2427 2880
2871 3421
3154 3791
882 1073
55 68
1724 2132
1640 2041
1332 1680
2037 2596
603 773
1373 1769
2343 3059
1233 1622
2669 3536
499 666
2070 2794
94 128
1261 1738
2206 3073
2776 3898
2860 4035
1051 1501
384 555
2609 3788
1752 2563
2782 4123
2193 3286
2404 3621
2519 3835
1260 1936
209 323
1035 1622
2261 3568
2448 3892
198 320
2033 3301
603 990
1910 3167
21 35
1467 2488
563 964
1990 3438
561 981
286 504
715 1274
1937 3490
1806 3286
303 555
1943 3590
1678 3135
891 1681
1026 1957
501 965
472 920
832 1635
1652 3308
1472 2962
442 899
1400 2873
766 1585
694 1458
940 1996
1269 2741
295 640
438 960
342 765
1017 2292
869 1971
1105 2561
1621 3780
635 1496
18 42
1466 3561
1584 3854
566 1410
343 860
1731 4383
823 2113
1704 4427
1629 4271
1629 4377
1152 3133
1130 3088
1664 4622
10 29
261 741
1443 4196
409 1210
40 118
517 1567
1363 4212
1512 4704
340 1067
616 1971
1454 4701
286 950
759 2544
846 2907
633 2208
141 493
612 2194
390 1429
1236 4584
781 2965
684 2622
423 1661
535 2127
1072 4368
449 1852
482 2010
913 3898
12 53
206 918
416 1912
952 4435
584 2751
942 4605
834 4124
287 1459
461 2368
71 381
492 2652
361 2020
703 4056
640 3787
53 315
307 1876
487 3136
555 3622
327 2230
280 1945
625 4452
427 3144
585 4511
380 3014
318 2627
17 146
341 2997
340 3167
665 5486
1156 7705
1646 8612
1802 7126
2520 8997
2861 9440
2319 6836
2114 5619
2620 5901
4193 8679
3107 5844
4791 8553
4432 7490
3347 5047
3606 5008
3493 4791
4956 6083
6061 7131
3943 4179
4492 4413
5181 4898
7514 6458
4903 4006
7084 5599
