1
1000 13
3412 1242
3496 1306
554 210
2495 963
1336 523
4242 1703
950 383
1156 476
4045 1697
1563 667
4281 1843
236 104
2016 900
3398 1544
1802 833
168 78
2310 1092
3038 1459
1182 579
2724 1365
1640 830
2376 1214
355 184
1924 1013
76 41
4273 2315
1807 1000
3121 1751
4258 2400
2382 1361
3409 1975
3334 1962
3766 2248
3108 1890
1897 1171
4022 2490
3674 2311
750 481
3835 2468
3321 2187
3541 2351
1630 1093
1557 1056
2597 1785
2084 1451
2499 1758
3604 2584
1373 1002
649 475
257 193
1426 1069
2154 1633
1687 1294
2072 1612
1486 1177
133 107
2673 2167
670 549
3325 2753
2219 1863
1505 1284
2937 2526
1788 1554
3669 3229
566 502
634 569
3268 3001
1713 1584
2299 2148
287 272
3108 2990
1552 1500
1062 1045
759 755
420 420
1498 1517
3340 3435
2459 2554
107 113
1733 1845
311 335
2903 3167
453 502
2920 3263
79 89
573 655
1457 1692
2755 3217
2886 3443
2385 2848
1878 2276
353 432
1455 1813
2834 3568
2304 2927
992 1279
2053 2690
825 1088
1191 1601
2954 4021
310 423
2843 3938
2660 3744
2051 2940
461 666
888 1305
2590 3851
1810 2723
383 581
1932 2962
1366 2119
1089 1713
149 237
2315 3753
470 774
364 604
818 1389
1160 1991
1924 3332
140 245
521 933
4727 8296
3315 5447
4498 7128
3812 5782
3925 5820
3990 5758
3705 5146
5597 7310
6054 7822
4609 5576
4161 4870
6100 6974
5626 6278
4450 4684
6515 6802
7039 7075
6070 5755
4495 4116
5347 4812
4014 3439
5658 4752
5768 4645
6787 5295
5048 3756
6715 4784
6959 4743
5978 4026
5443 3502
7109 4393
8530 5030
4690 2630
5193 2820
5375 2744
4802 2394
4566 2214
8752 3963
7552 3289
4796 1947
4776 1856
9271 3372
9344 3271
9203 3077
4830 1551
7407 2138
9484 2548
6346 1584
5471 1255
8218 1720
7949 1617
6681 1137
5491 907
5914 806
5177 634
5317 565
5393 520
6860 540
7468 400
5425 193
7440 96
7685 -45
9291 -129
6908 -268
7341 -376
6759 -505
6758 -650
8879 -1005
7483 -988
5160 -717
8006 -1327
6365 -1132
6773 -1359
6416 -1370
5098 -1238
5770 -1484
6881 -1903
5638 -1651
7063 -2154
4821 -1583
5397 -1843
7181 -2658
5516 -2106
5964 -2488
4848 -2139
7249 -3234
5290 -2542
5026 -2456
8757 -4628
4715 -2611
7892 -4546
6603 -3905
6262 -3922
5509 -3482
7351 -4928
7062 -4900
7025 -5091
7918 -5951
4703 -3612
7759 -6298
6547 -5392
7235 -6198
4867 -4386
6139 -5601
5466 -5292
5064 -5005
4614 -4731
5472 -5785
4526 -5075
5623 -6531
4871 -5811
5428 -6621
4445 -5618
5834 -7691
5302 -7253
3526 -5076
4050 -5895
2778 -4295
3910 -6252
4420 -7502
3004 -5319
3804 -6774
3193 -6157
2395 -4666
4059 -8448
2530 -5386
2648 -6062
3663 -8846
3717 -9233
1915 -4948
3010 -8293
2511 -7271
2102 -6421
2683 -9224
2630 -9329
2329 -9103
2231 -9118
1198 -5491
1141 -5805
1688 -8779
1578 -9367
1070 -6968
1127 -8046
1066 -9693
806 -8682
529 -7506
393 -5829
353 -8205
214 -8129
82 -7670
-127 -9001
-224 -6496
-445 -9305
-368 -6211
-489 -5997
-928 -9445
-821 -6912
-671 -5175
-1358 -8314
-957 -5643
-1463 -7898
-1956 -9035
-1570 -6906
-1740 -7233
-1982 -7238
-2461 -8389
-2875 -9512
-2898 -9216
-1838 -5350
-2489 -6957
-2250 -5935
-3104 -7755
-2764 -6356
-3420 -7810
-3322 -7245
-3397 -6845
-2426 -4766
-2636 -5009
-3060 -5416
-3033 -5278
-3364 -5554
-3790 -5914
-3391 -5280
-3929 -5833
-3513 -4944
-5478 -7392
-4684 -6054
-4995 -6251
-6380 -7664
-6318 -7499
-4168 -4804
-6138 -6810
-4108 -4393
-6519 -6542
-6093 -6036
-4301 -4022
-5206 -4839
-4887 -4260
-4488 -3879
-4064 -3386
-4793 -3744
-7193 -5415
-5917 -4326
-5618 -4044
-5817 -3965
-5548 -3678
-6163 -3969
-6377 -3914
-7110 -4229
-8483 -4703
-5402 -2855
-8486 -4461
-6056 -2972
-5273 -2531
-5453 -2421
-8834 -3800
-8491 -3394
-5995 -2261
-8840 -3204
-9114 -3081
-8986 -3011
-6161 -1888
-8408 -2456
-8014 -2085
-8021 -1933
-8796 -2105
-7250 -1584
-5837 -1135
-8082 -1372
-8512 -1372
-7511 -988
-8654 -1068
-6538 -695
-8256 -758
-9523 -628
-6604 -375
-9015 -291
-6299 -54
-7665 -10
-5771 149
-9964 355
-6522 362
-7729 578
-9697 926
-9583 1082
-7990 1096
-6025 942
-9688 1570
-7462 1397
-8611 1789
-4939 1119
-9164 2267
-2716 656
-3036 710
-201 46
-2624 573
-333 72
-3608 752
-3901 799
-1734 338
-4573 877
-2171 394
-998 178
-3585 613
-4240 712
-4273 682
-4859 750
-642 93
-3284 460
-3532 468
-1669 214
-260 32
-4138 478
-4272 468
-4610 481
-3811 379
-2187 200
-3828 334
-940 77
-4424 338
-1691 115
-3556 235
-4687 256
-3799 201
-3489 167
-4058 170
-1534 54
-3257 96
-4135 81
-4423 70
-4875 44
-3755 22
-1616 -1
-533 -5
-3645 -40
-4978 -85
-2666 -65
-2440 -73
-1627 -59
-3487 -159
-1621 -79
-805 -45
-3338 -211
-4937 -336
-833 -59
-2378 -190
-1499 -130
-381 -34
-2647 -249
-4579 -471
-1017 -113
-1535 -172
-2972 -358
-4135 -515
-4556 -593
-302 -43
-1379 -199
-4703 -709
-4772 -756
-2094 -336
-2698 -457
-3717 -643
-2921 -523
-3506 -664
-450 -86
-3085 -617
-4032 -834
-3845 -821
-1311 -285
-4105 -930
-3999 -935
-837 -198
-1831 -443
-1589 -393
-2773 -701
-78 -20
-1162 -315
-1385 -381
-4185 -1183
-4022 -1145
-516 -153
-2889 -870
-2975 -909
-430 -135
-4068 -1308
-291 -95
-2203 -730
-2636 -898
-2420 -844
-1827 -644
-3228 -1162
-2484 -916
-462 -172
-465 -177
-2217 -852
-3822 -1510
-3539 -1421
-780 -315
-2148 -895
-2702 -1137
-1136 -489
-2257 -976
-2775 -1219
-4303 -1948
-2997 -1363
-828 -385
-1526 -724
-1950 -926
-2471 -1203
-2993 -1483
-368 -183
-1119 -569
-1414 -729
-2665 -1392
-203 -107
-1514 -809
-4020 -2183
-2569 -1418
-1462 -818
-1163 -658
-3745 -2160
-3097 -1809
-1649 -979
-3833 -2287
-2572 -1556
-3924 -2426
-2934 -1841
-3835 -2421
-475 -307
-560 -362
-3688 -2440
-554 -369
-3746 -2522
-1046 -714
-271 -188
-2698 -1898
-1055 -752
-3847 -2776
-2051 -1501
-3163 -2334
-3364 -2503
-986 -744
-2527 -1932
-3071 -2379
-2226 -1740
-3718 -2941
-1289 -1031
-1669 -1359
-3227 -2662
-3263 -2728
-2073 -1750
-1750 -1496
-183 -159
-2958 -2600
-845 -746
-2564 -2297
-1576 -1427
-1761 -1608
-2090 -1937
-184 -171
-613 -583
-659 -636
-2002 -1958
-1471 -1456
-3249 -3243
-674 -683
-2931 -2982
-733 -758
-1782 -1873
-334 -355
-2999 -3190
-2991 -3223
-346 -379
-3011 -3359
-1595 -1794
-397 -450
-1641 -1882
-3016 -3528
-1879 -2204
-3093 -3698
-2970 -3564
-1726 -2096
-1093 -1349
-2051 -2555
-87 -109
-2133 -2745
-1925 -2486
-1035 -1358
-573 -763
-794 -1062
-2014 -2740
-1702 -2362
-601 -844
-656 -927
-634 -908
-1886 -2745
-634 -929
-1739 -2585
-2225 -3343
-2035 -3099
-58 -90
-945 -1476
-1289 -2035
-2000 -3237
-1531 -2505
-1962 -3264
-2076 -3489
-598 -1019
-56 -97
-189 -330
-365 -644
-1966 -3522
-1790 -3273
-1448 -2652
-611 -1147
-1445 -2744
-39 -75
-1799 -3497
-585 -1164
-1178 -2356
-1697 -3445
-88 -182
-1815 -3821
-180 -382
-1584 -3418
-871 -1935
-1729 -3875
-756 -1726
-12 -29
-219 -517
-197 -470
-1231 -2982
-1150 -2830
-1247 -3160
-1120 -2883
-1310 -3413
-1389 -3683
-351 -954
-137 -377
-557 -1563
-473 -1349
-287 -828
-1028 -3035
-110 -333
-152 -470
-339 -1074
-62 -198
-544 -1787
-686 -2296
-925 -3159
-51 -182
-229 -813
-365 -1337
-1026 -3894
-176 -684
-472 -1879
-705 -2836
-213 -897
-756 -3267
-312 -1384
-745 -3393
-504 -2320
-123 -580
-562 -2772
-364 -1838
-288 -1502
-754 -4071
-298 -1669
-381 -2207
-708 -4216
-793 -4852
-646 -4266
-501 -3419
-186 -1289
-624 -4518
-76 -581
-28 -217
-502 -4200
-397 -3489
-95 -917
-65 -641
-73 -784
-57 -635
-187 -2207
-34 -439
-290 -4056
-282 -4436
-162 -2860
-187 -3627
-38 -828
-36 -836
-60 -1868
-139 -4863
-95 -3880
-44 -2445
-23 -1981
-13 -3257
-2 -3508
25 -4511
29 -1926
57 -2820
68 -2973
74 -2344
101 -2674
182 -4442
154 -3074
18 -332
166 -2793
286 -4433
56 -782
191 -2510
237 -2844
417 -4630
179 -1893
468 -4710
413 -3845
456 -4079
331 -2815
411 -3286
646 -4813
306 -2259
198 -1377
51 -337
677 -4370
621 -3818
273 -1637
86 -486
246 -1381
27 -147
557 -2889
873 -4329
936 -4498
394 -1865
592 -2687
797 -3592
345 -1486
901 -3802
916 -3765
549 -2225
321 -1261
241 -921
128 -476
1270 -4606
405 -1452
132 -459
940 -3235
231 -778
1217 -3996
513 -1652
1249 -3900
444 -1353
257 -779
479 -1417
1119 -3213
580 -1663
515 -1424
479 -1311
1231 -3315
148 -390
1100 -2857
635 -1625
1737 -4355
118 -291
456 -1111
761 -1819
197 -458
462 -1065
765 -1731
1070 -2368
1080 -2379
1460 -3139
705 -1498
1631 -3419
1882 -3874
1818 -3671
881 -1768
204 -403
1449 -2822
1594 -3067
1291 -2448
1843 -3456
1370 -2515
1995 -3635
2410 -4278
80 -141
1941 -3394
629 -1077
936 -1576
2381 -3949
1866 -3065
2168 -3532
92 -148
1866 -2948
2616 -4092
2673 -4125
2457 -3763
967 -1449
2444 -3605
1849 -2708
601 -870
1449 -2068
2591 -3636
1819 -2526
394 -545
1926 -2602
2640 -3557
319 -420
365 -476
1926 -2479
337 -428
2183 -2741
320 -400
1587 -1952
257 -313
1978 -2382
1636 -1932
2216 -2595
792 -915
787 -900
208 -235
1288 -1435
1439 -1588
3280 -3579
1503 -1619
1420 -1513
553 -586
1511 -1571
2422 -2489
839 -850
2622 -2625
3395 -3361
1815 -1791
1397 -1350
613 -587
1283 -1219
1031 -968
616 -567
3186 -2905
278 -252
3701 -3324
2514 -2228
731 -639
2302 -1984
3454 -2942
478 -404
3263 -2697
879 -725
264 -215
2051 -1640
3807 -3001
200 -156
2493 -1917
2391 -1826
623 -467
1589 -1176
3930 -2899
362 -262
927 -666
1893 -1337
2772 -1945
1275 -885
3479 -2359
1367 -915
959 -637
302 -197
3731 -2404
1013 -651
2697 -1708
3717 -2311
3113 -1918
1019 -619
3379 -2028
1877 -1113
1023 -595
343 -197
2800 -1578
2271 -1267
2731 -1496
2100 -1146
1094 -588
386 -204
549 -286
2951 -1520
2463 -1247
3367 -1688
2082 -1025
1070 -520
150 -71
2534 -1190
659 -304
1628 -742
669 -300
267 -117
2501 -1080
1036 -439
2663 -1124
3264 -1356
3850 -1557
4119 -1652
1460 -570
2703 -1035
3197 -1201
1670 -621
2437 -888
1812 -654
3928 -1385
150 -52
1107 -375
3829 -1281
1958 -641
2117 -673
4188 -1319
694 -211
547 -162
1478 -430
2738 -784
1315 -368
816 -225
4271 -1142
1233 -319
4437 -1129
644 -161
3212 -773
3175 -750
1111 -254
2356 -520
1669 -359
48 -10
3399 -698
161 -32
731 -140
3294 -620
1650 -300
779 -134
2169 -361
2245 -358
1148 -181
4106 -603
3131 -455
4234 -577
1774 -236
2320 -292
2227 -266
191 -21
3602 -387
2982 -296
2302 -222
3331 -300
4203 -347
1679 -129
4838 -332
2670 -170
2471 -147
3312 -173
820 -41
4970 -204
4068 -139
2658 -82
3132 -67
1157 -20
3426 -32
3893 -21
645 1
1607 14
2264 31
4234 72
3746 86
575 17
4705 154
1620 64
1495 68
4647 257
3950 225
1459 98
321 23
301 24
512 42
2436 210
4266 404
433 45
1974 213
1401 159
1892 223
86 11
4400 569
2270 307
4508 636
1105 162
306 47
4050 649
1376 226
981 169
2862 518
2959 550
897 173
632 123
2394 483
3375 713
3890 839
1307 295
3541 812
3226 753
3394 816
663 163
4739 1196
3091 812
557 148
2530 697
3878 1084
4532 1280
2261 655
1493 448
558 172
2721 855
1206 383
455 148
4420 1466
2314 788
904 313
3010 1054
2196 792
