-1
-1
-1
-1
-1
-1
-1
-1
0 1 2 3 4 5 6 7 8 9 10 11 12 13 14 15 16 17 18 19 20 21 22 23 24 25 26 27 28 29 30 31 32 33 34 35 36 37 38 39 40 41 42 43 44
0 1 2 3 4 5 6 7 8 9 10 11 12 14 15 16 17 18 19 20 21 22 23 24 25 26 27 28 29 30 32 33 34 35 36 37 38 39 40 41 42 43 44 45 46 47 49
-1
0 1 2 3 4 5 6 7 8 9 10 11 12 13 14 15 16 17 18 19 20 21 22 23 24 25 26 27 28 29 30 31 32 33 34 35 36 37 38 39 40 41 42 43 44 45 47 48 49 50 51 52 53 54 55 56 57 58 59
-1
0 1 3 4 5 6 7 8 9 10 11 12 13 14 15 16 17 18 19 20 21 22 23 24 25 26 27 28 29 30 31 32 33 34 35 36 37 38 39 40 41 42 43 44 45 46 47 48 49 50 51 52 53 54 55 56 57 58 59 60 61 62 63 64 65 66 67 68 69
20 64
0 2 3 5 6 7 8 10 11 12 14 16 17 18 19 20 21 22 23 24 25 26 27 28 29 30 31 32 33 35 36 37 38 39 40 41 42 44 46 48 50 51 52 53 54 56 59 60 61 63 65 66 68 69 70 71 72 73 74 75 77 78 79
0 1 3 4 9 12 14 15 18 20 21 23 24 25 30 32 34 35 37 38 39 40 42 47 48 51 52 53 54 56 60 61 62 63 68 69 73 74 78 81 82 84
0 1 2 3 4 5 6 7 8 9 10 11 12 13 14 15 16 17 18 19 20 21 22 23 24 25 26 27 28 29 30 32 33 34 35 36 37 38 39 40 41 42 43 44 45 46 47 48 49 50 51 52 53 54 55 56 57 58 59 60 61 62 63 64 65 66 67 68 69 70 71 72 73 74 75 76 77 78 79 80 81 82 83 84 85 86 87 88 89
0 1 3 4 5 6 8 9 10 11 12 13 15 16 17 18 19 20 21 22 23 24 25 27 28 29 32 33 35 36 37 39 40 41 42 43 44 46 47 51 52 53 54 56 58 59 60 61 62 63 64 65 66 67 68 69 70 72 73 74 77 79 80 81 82 83 84 85 86 87 88 89 90 91 93 94
0 1 3 4 5 7 8 9 10 12 14 16 17 20 21 22 23 24 25 26 27 28 29 30 31 33 34 35 37 38 39 40 41 42 43 44 47 50 51 52 53 54 57 59 60 61 62 64 65 67 68 69 70 71 73 74 75 76 77 78 79 81 82 83 84 85 86 89 90 91 92 93 95 96 97 98 99
0 1 2 3 4 5 6 7 8 9 10 11 12 13 14 15 16 17 18 19 20 21 22 23 24 25 26 27 28 29 30 31 32 33 34 35 36 37 38 39 40 41 42 43 44 45 46 47 48 49 50 51 52 53 54 55 56 57 58 59 60 61 62 63 64 65 66 67 68 69 70 71 72 73 74 75 76 77 78 79 80 81 82 83 84 85 86 87 88 89 90 91 92 93 94 95 96 97 98 99
1 2 4 9 11 15 16 17 21 22 23 26 28 29 30 31 36 39 40 41 52 57 58 59 64 68 71 74 75 78 84 86 92 97
0 1 2 3 5 6 7 8 10 12 13 14 15 16 18 19 20 21 22 23 24 25 26 27 28 29 30 31 32 33 35 36 37 38 39 40 41 42 46 47 50 51 52 53 54 55 56 57 58 60 61 62 63 65 66 67 68 69 70 71 74 75 76 77 78 79 80 81 83 84
0
0
