469698043
794596703
375876751
972016464
510888761
50964181
752507557
981638400
477637515
109102584
141655506
86799154
499696773
49992986
399314120
953598101
115868206
636288012
70764614
732673911
531738892
842384946
982075090
385640707
408085625
316348950
227225782
586580646
437845706
985872692
583700675
717919278
736569835
232863776
377887577
162843768
509187906
69935834
771433377
834314639
147924534
366014426
15618580
451980160
373161841
531005463
173985034
667042859
343691917
956501165
303907684
227170127
55156149
944669431
989492409
467713558
57629925
462427188
849744932
595385928
964574200
187529436
876035942
152958718
644762854
114392739
236535391
684304122
413597666
329629393
245014557
181746793
178606930
709646031
724284091
511393207
715297022
302217840
814550216
681327107
813200260
37222169
836421549
12544898
494492212
326073748
336808794
514448985
843197392
471036983
161781770
811847734
960789765
740626379
334691945
261633334
860382869
342623938
416012215
312818818
904353684
666046159
289047398
490999668
586737091
790243933
682095820
530844915
776871990
688190101
250201305
253276698
379133670
772701639
432694750
236700933
610264548
891364039
248174770
59729241
283508991
934718133
993697795
471667141
10966562
211842018
313683604
925309954
133042299
401098957
331963751
371219740
465066151
727425333
940938320
137780082
966233202
921419658
903374059
511342839
823469772
819507251
736838607
291728365
314235608
844102213
535808985
604637657
49006949
744592785
970031148
43869149
362596263
70588765
453952711
156911972
602555303
595099432
722935911
67048696
403445396
136095325
40882116
116714216
518026368
884882523
496992164
489102371
577569156
346886573
159301871
246574932
843077570
11913427
367506974
477201737
139949041
183942506
140814281
531688059
242780029
547242245
808656896
303060049
951377689
445458889
596342499
181410069
541303956
717498193
842569087
838046761
398958650
527207167
941277132
717984701
244634294
229757056
588966327
423582690
104568406
601199565
595642010
455583923
988722983
200234574
219468966
793452449
426702467
15506254
517575719
553010486
770806120
603477178
515982064
986219822
776542198
876300857
15139284
445980851
928042484
585225415
759004001
820495840
486896459
490893385
642604122
206825209
917780364
630804678
207561734
938023635
258533895
33355793
639606992
664772842
370588147
336954119
432230102
711890662
378632435
331845454
620544683
262689749
361171705
809863544
877953113
925606430
944289737
287804965
237968524
52319043
276429191
743510654
300981500
570130095
684306345
620201490
757334727
120301436
109166407
662441311
232284077
279052406
174043420
609089466
352384337
702909478
649005307
342223725
65560186
638084763
136432781
384333912
198599186
764272113
975686572
353952427
487683761
923189654
810026750
48608465
678789338
4392115
590682264
26242852
458837207
511692117
71792761
738842174
668714482
311941987
287402056
448266096
283293777
43140822
787443810
626631167
853470693
91064462
348269180
294211357
660819120
851840678
984819740
110668500
815168254
195283159
323048819
532697677
14704717
132656507
8444485
577221337
676740728
662328152
84630560
678062402
263746270
774888468
482825224
614682294
662263922
619666886
741185654
670796514
381638660
728502907
12685512
418418094
532170888
149897041
635475608
764360842
207814510
879478532
346444178
408205316
152803197
402245209
535343760
600203685
154047957
470504759
4178811
977809743
81920435
732069374
187260799
810611149
442590026
275722818
698574659
216597375
287469862
768384169
649732540
802614701
246539620
460191474
729164773
177470997
914411704
527765947
619053438
906286057
224308311
286145246
179689967
143089641
71173080
146707332
396628537
503059824
80538744
319914398
424032370
67748195
350858846
671009796
868015593
365425818
690040193
484380769
965452898
70728841
566986899
212471495
837494779
800434255
823364482
952295295
482426305
389596602
502004217
772952634
569320508
35928408
939993446
321945174
314005592
998717922
532821466
954316837
410773592
448868900
691123626
225617413
539836364
523801775
962559715
351242326
689861497
757116005
123417036
36271938
917965824
115027005
550278868
902866709
986634639
240404026
7199233
756790906
494422897
365703077
404146895
102396253
570614354
683349949
591999912
311990927
884634468
303078794
500887806
451540216
470387641
244720243
121147812
289413692
913251673
895167426
229593505
211240830
322609637
101504777
99032495
564713401
548499364
408299287
158837108
388084254
678263600
301957080
922506258
942627747
124508223
883992684
340777957
236980770
48260946
733372148
541562348
171434172
493760570
293516913
882339265
346359967
778158351
456747631
391912019
216189422
893764154
642168312
674249794
731163984
943167518
747738019
810591342
328041382
36546748
680020728
722948081
310668577
707408247
228406320
792614350
554197076
649299383
788453282
116300654
291518828
329307480
319172105
652348313
118932016
89378510
224423708
231290263
59777681
639778662
713076687
499878589
634766477
467188782
252724158
77993430
890899068
874900545
157059099
142203136
912297417
422275029
760801113
727988894
150345644
174898580
565197544
60781772
282489441
740788464
727769836
684272427
384979824
616540507
853184947
569869059
4015755
727440859
485051389
983162046
937452387
943420717
993086912
520107847
87015445
288904644
719831819
156970937
835600831
846251670
32223365
779902617
448288252
35449410
196700122
891039689
775297155
418852005
169160622
304017240
897267038
401101477
648354143
357760044
85317636
898395176
123828097
5521139
941153732
88516107
61783453
398221404
257407121
493464399
101536508
51283607
318027584
585665652
785225814
425936219
112139371
366994754
540259094
359640871
344544229
749153688
287620275
526940352
300367663
144071530
191596057
808031368
705453114
550124640
570080049
106703588
212872158
643252310
375208126
276669010
271422529
66270514
137623605
17699486
245999333
449497208
821061357
944804238
492545758
674123597
618837155
465669344
202354493
839903333
280529964
128685424
77936178
721432356
976659416
660355227
191868140
163819586
984068996
172596431
143474121
104605287
4409379
34803682
170817414
88467530
556234461
564211358
52182644
32317622
317640169
122349423
343189876
986705663
698133010
963607960
203601302
666240488
626247250
492562754
656557500
678609240
23138987
349491433
523601781
176312595
90435545
272953763
289416644
660317290
212959381
86183803
600943539
72807957
537138326
232405247
493171380
800693128
84127557
453075447
30312775
218593258
581134001
110622360
756093780
498737731
589356189
576614545
546075227
873634460
87413318
812525141
618255618
979196315
948833912
438159457
545811577
439006967
111080541
431680571
374452143
838984128
319708999
101898629
207701338
846842889
634898487
896217642
663382844
609313623
97228220
708057306
320200912
248892069
311492752
774075160
374424999
125925110
801647268
234353409
224714423
290615579
702502881
990874060
226280609
932290717
869644451
136935637
283592793
686190228
547524250
541460401
673189303
220663757
535674636
323733293
673002915
425108574
766253973
400558186
101511716
145841108
535309140
817865565
813440238
424588544
612180452
479036385
606974478
560823206
629602253
201054718
519177467
897761504
22648657
231514138
964047245
837517615
922709156
478156701
354407980
661047254
832781500
926831490
974912449
439940104
232594717
284928139
196019030
603031164
701848325
149099662
799167111
283231514
633750781
190809583
284139339
586496041
462812979
794928929
693843977
891176945
472417258
186252322
465355795
187904271
145681988
603802840
729389958
904730731
879081531
306062853
287130239
166936011
172248771
597403065
144509972
848799708
940764190
740901163
337462127
543216643
616340304
558520862
291220039
551281014
256585894
543405124
217478652
517055066
421019837
341580163
957347415
419341812
266097869
608222700
990852429
635152325
504740643
229698968
483806690
142144751
68298559
707827774
505553225
116691242
907164486
787773459
787188171
904891517
259620578
864021946
503207862
419720970
678586308
182666578
732223393
322296184
508762725
517061993
913544842
391398145
909822492
423862571
392185988
770642262
139027132
4679386
335069400
103195797
71955403
931221906
143203706
429321594
430841998
797962011
168024031
137398591
537302979
331607005
198742436
611705903
380665341
750173769
489697545
952618890
680887605
202805349
776036821
266794981
772217589
925925198
890302270
629147935
855110007
241960958
533304670
199119793
94666832
72128738
686499968
761283620
156948704
984091706
432564919
324390152
439836764
474792653
335005120
728587996
85638123
942909414
271759170
70628881
806164706
550562161
59211968
771498456
583597800
215815779
988078111
174879846
43925054
775831593
412394131
535072786
755967334
753305263
88022224
910261068
777021762
884173099
794312096
413649086
94979204
776341491
400110064
390315652
663843039
620573972
502546866
81220399
579606966
980873077
681870663
293230443
219983239
395663044
793481753
664089965
367358899
370963345
235413504
572547569
298648415
999596559
865253949
76121147
191156176
848098188
612841475
853040549
828770991
10850498
690448567
458572706
315643360
523624793
203135410
686509114
13077321
364631063
206060848
896574627
321514072
539900837
741762653
956361951
281455018
357157183
855566904
403610182
793114748
247948514
308551205
155060942
101337874
882062277
750771000
632313978
527162965
907340310
847850119
368721629
734721247
927605677
478818614
407800911
201821082
155490726
442167949
512882330
283867254
306757345
576281982
406783453
413203612
747745172
301722083
971784628
910756749
508429559
94486412
730090872
313734664
736657325
475805194
878605262
746573
81712831
977121588
326830446
485189839
310928742
356663171
586330162
718686628
190564934
868366531
366035229
287598724
895648019
928195958
766909512
958115602
277203515
375743511
606966159
228153004
259627802
654107362
73258965
521787525
850619394
525408186
0
