1 1
7 7
4 11
2 71
6 111
8 711
10 1111
18 7111
78 11111
48 71111
28 111111
68 711111
88 1111111
108 7111111
188 11111111
788 71111111
488 111111111
288 711111111
688 1111111111
888 7111111111
1088 11111111111
1888 71111111111
7888 111111111111
4888 711111111111
2888 1111111111111
6888 7111111111111
8888 11111111111111
10888 71111111111111
18888 111111111111111
78888 711111111111111
48888 1111111111111111
28888 7111111111111111
68888 11111111111111111
88888 71111111111111111
108888 111111111111111111
188888 711111111111111111
788888 1111111111111111111
488888 7111111111111111111
288888 11111111111111111111
688888 71111111111111111111
888888 111111111111111111111
1088888 711111111111111111111
1888888 1111111111111111111111
7888888 7111111111111111111111
4888888 11111111111111111111111
2888888 71111111111111111111111
6888888 111111111111111111111111
8888888 711111111111111111111111
10888888 1111111111111111111111111
18888888 7111111111111111111111111
78888888 11111111111111111111111111
48888888 71111111111111111111111111
28888888 111111111111111111111111111
68888888 711111111111111111111111111
88888888 1111111111111111111111111111
108888888 7111111111111111111111111111
188888888 11111111111111111111111111111
788888888 71111111111111111111111111111
488888888 111111111111111111111111111111
288888888 711111111111111111111111111111
688888888 1111111111111111111111111111111
888888888 7111111111111111111111111111111
1088888888 11111111111111111111111111111111
1888888888 71111111111111111111111111111111
7888888888 111111111111111111111111111111111
4888888888 711111111111111111111111111111111
2888888888 1111111111111111111111111111111111
6888888888 7111111111111111111111111111111111
8888888888 11111111111111111111111111111111111
10888888888 71111111111111111111111111111111111
18888888888 111111111111111111111111111111111111
78888888888 711111111111111111111111111111111111
48888888888 1111111111111111111111111111111111111
28888888888 7111111111111111111111111111111111111
68888888888 11111111111111111111111111111111111111
88888888888 71111111111111111111111111111111111111
108888888888 111111111111111111111111111111111111111
188888888888 711111111111111111111111111111111111111
788888888888 1111111111111111111111111111111111111111
488888888888 7111111111111111111111111111111111111111
288888888888 11111111111111111111111111111111111111111
688888888888 71111111111111111111111111111111111111111
888888888888 111111111111111111111111111111111111111111
1088888888888 711111111111111111111111111111111111111111
1888888888888 1111111111111111111111111111111111111111111
7888888888888 7111111111111111111111111111111111111111111
4888888888888 11111111111111111111111111111111111111111111
2888888888888 71111111111111111111111111111111111111111111
6888888888888 111111111111111111111111111111111111111111111
8888888888888 711111111111111111111111111111111111111111111
10888888888888 1111111111111111111111111111111111111111111111
18888888888888 7111111111111111111111111111111111111111111111
78888888888888 11111111111111111111111111111111111111111111111
48888888888888 71111111111111111111111111111111111111111111111
28888888888888 111111111111111111111111111111111111111111111111
68888888888888 711111111111111111111111111111111111111111111111
88888888888888 1111111111111111111111111111111111111111111111111
108888888888888 7111111111111111111111111111111111111111111111111
188888888888888 11111111111111111111111111111111111111111111111111
